opendap2json/jsonWind/windD03.json
{"header": {"parameterUnit": "m.s-1", "parameterNumber": 2, "dx": 0.01065765380859375, "dy": 0.008131171054527408, "parameterNumberName": "U-component_of_wind", "la1": 41.631134033203125, "la2": 39.151126861572266, "parameterCategory": 2, "nx": 300, "lo2": 16.316253662109375, "ny": 305, "refTime": "2018-09-26 01:00:00", "lo1": 13.11895751953125}, "data":
[rows 228 to 246 of 305, columns 43 to 85 of 300]
-8.993520793179398,-8.979776373327939,-8.961938481581935,-8.959965770684194,-8.972362631136676,-8.985610878424401,-8.9932327375993,-8.996492272102758,-8.996282504955571,-8.991086269879412,-8.978485999359535,-8.957371480793569,-8.92900585711643,-8.89071562715702,-8.839246101801354,-8.771549825831391,-8.684526733701489,-8.577445019106456,-8.455348205567573,-8.333924687821295,-8.231525059439319,-8.15432238026249,-8.090464558017954,-8.021272686273736,-7.931708417937986,-7.8135417162940035,-7.658923828907351,-7.479014476186532,-7.306646513583499,-7.1557544009901,-7.025695912617759,-6.919728981846636,-6.839939918474444,-6.772438032905011,-6.691060757274924,-6.5819524158147065,-6.451695297339592,-6.306022495456599,-6.145455148274246,-5.98168906399678,-5.844274185477086,-5.746947684816196,-5.6626380713178195
-8.972096215784928,-8.963999167695734,-8.93739112633792,-8.918222515594547,-8.914509161043796,-8.91893912120922,-8.924111882733929,-8.928721877632105,-8.930627988634981,-8.926311496936483,-8.91274561218421,-8.887242989835618,-8.847521042957176,-8.791731234438176,-8.719711460432709,-8.63331717714995,-8.534089004380641,-8.420856090647963,-8.298810550795782,-8.18127928788596,-8.08312809322461,-8.005157865893166,-7.935102836499271,-7.855925461068221,-7.762602572649533,-7.653937675102393,-7.522588842940228,-7.370939599973148,-7.221619152728071,-7.092491180168872,-6.986928861080917,-6.9009540865089605,-6.823529573199296,-6.740529108983038,-6.636079770831301,-6.50034775495572,-6.341513269843348,-6.175994366055385,-6.009833818651744,-5.846286650928976,-5.704173247184514,-5.602275973925013,-5.520595397506361
-8.943062091455609,-8.925712228406132,-8.883597512104572,-8.847205190053899,-8.831268297043117,-8.833074423638779,-8.844512552267467,-8.859510202656447,-8.870335545623556,-8.868332115230999,-8.848443105111468,-8.806995898073884,-8.743952292977333,-8.662073705497056,-8.567275960439678,-8.465469940501375,-8.358806911566385,-8.245218135281867,-8.128739513884994,-8.02174252169888,-7.932527818404118,-7.8569859481441116,-7.7816587433411595,-7.69887832834608,-7.608960949906814,-7.51566122985325,-7.408987246723133,-7.283114649006405,-7.1504073570630595,-7.034617480985658,-6.946712068588229,-6.871718384865798,-6.792019878712237,-6.69095849508937,-6.564878570351677,-6.417363421377173,-6.2500010507519015,-6.069586954864857,-5.8903367673348805,-5.729230172779089,-5.595209947201717,-5.491189096342943,-5.407210854653224
-8.90233694832329,-8.866698145312194,-8.810825238587823,-8.76602453918537,-8.748239610408419,-8.753452077183912,-8.772743794795431,-8.795488007265782,-8.80938894201722,-8.802151828549022,-8.768109603067638,-8.707911799276822,-8.624268821814514,-8.523053990033759,-8.411485228566026,-8.29243287174023,-8.17105882210092,-8.053545661452409,-7.945541853869913,-7.8535672067986955,-7.776647399544172,-7.705867866968671,-7.633369702806551,-7.559878228796311,-7.488311820286483,-7.412063718715971,-7.318553157224835,-7.2036269936572,-7.081993016964451,-6.980108883463353,-6.901660377692275,-6.826354508449444,-6.734300790715681,-6.618010565781153,-6.4806954002418395,-6.331540260852128,-6.172747767608577,-6.000558688095947,-5.820881117117678,-5.6515495000193505,-5.51084028861921,-5.405366689384069,-5.318192663801093
-8.858178842865744,-8.806718517418657,-8.746856557201351,-8.703757426818862,-8.688428942157817,-8.692048061642843,-8.704472489226081,-8.71611414977799,-8.715535571097096,-8.693775245300017,-8.646101607650104,-8.57571185748522,-8.487897431835494,-8.38584259219221,-8.272954866034796,-8.14862926479892,-8.014723080502094,-7.885401937284131,-7.775403175229751,-7.688128697126395,-7.616658411636924,-7.550632764946248,-7.488994955783013,-7.438268882634182,-7.3947469294405686,-7.339130937890399,-7.254960648457917,-7.143277684126518,-7.022612535924237,-6.915306942788143,-6.82282969110494,-6.732858090198804,-6.635091108233983,-6.524084809098968,-6.399816086164394,-6.26587391303065,-6.121366274495577,-5.958847895810774,-5.782060213541867,-5.608562124853624,-5.4568202475347904,-5.335799041281316,-5.230071251071674
-8.812477573239443,-8.754935495320762,-8.700168251965275,-8.662428059435387,-8.644126985618637,-8.634342031833668,-8.62148591385186,-8.603537300031764,-8.577310782526634,-8.53823708755643,-8.483117586959779,-8.412722851490898,-8.331647910303886,-8.241671169494765,-8.141729933536459,-8.030462825336167,-7.906875242292588,-7.778891279405691,-7.660781370861763,-7.561052224090214,-7.479746329969589,-7.414854361322692,-7.368627559947285,-7.342831174046791,-7.323402419955915,-7.28078291809826,-7.194403518862695,-7.07043834264926,-6.934914894503661,-6.811654516042133,-6.706446723095993,-6.61350863562798,-6.525345515051253,-6.433635550843136,-6.333816864402167,-6.223782814100843,-6.096814084356918,-5.943978859980362,-5.768453355001014,-5.588452798624606,-5.420693864599498,-5.269043475607876,-5.126831002593901
-8.75979721392404,-8.705726939420206,-8.656877655019995,-8.619745973414572,-8.592154373048517,-8.563187694275024,-8.525930034945238,-8.480893590492833,-8.430227322607088,-8.375242093690655,-8.314625618263483,-8.248878390839382,-8.176359564580038,-8.096869205956319,-8.011276634712797,-7.918385692233256,-7.818624398278208,-7.712115306933597,-7.599496092890664,-7.490760891089546,-7.397267194901629,-7.3295998039899555,-7.292921480940387,-7.274711145643583,-7.251371750777769,-7.193804881966229,-7.087423681956059,-6.948636645250977,-6.809562177602156,-6.691988173990865,-6.599614323275882,-6.5214804422743455,-6.443266641059699,-6.357159961018741,-6.2644854261411576,-6.1675156818898,-6.057919220658522,-5.921403339262872,-5.755236877391803,-5.569422092551578,-5.3769199711768865,-5.186821884867998,-5.008065401357603
-8.703497555540284,-8.653892025919168,-8.606816684281872,-8.564767502862972,-8.522628117701398,-8.476842654455833,-8.42534117152778,-8.365203161854145,-8.301186091582032,-8.236843165467818,-8.171333925344404,-8.105733652764306,-8.037349295674701,-7.962854029061554,-7.885198721610247,-7.807412345653704,-7.726967632277812,-7.640940054933481,-7.546080492982841,-7.446125309056359,-7.353119003261765,-7.281113633273321,-7.233823831305386,-7.195267275879555,-7.141916719498507,-7.058232892721119,-6.9418892328992925,-6.810762458486807,-6.693669363004103,-6.60237455921221,-6.529085081704288,-6.456239565889449,-6.369347110482535,-6.267782348488813,-6.165939108882574,-6.075177734162325,-5.986181696524056,-5.8731580894910955,-5.717144201975608,-5.518638864789124,-5.297159475382217,-5.0768161646074805,-4.877359725108202
-8.641340996167711,-8.593348486738392,-8.542369573466962,-8.490456018420604,-8.435879687481258,-8.379375714409958,-8.320939201656627,-8.257920211868505,-8.189043729890287,-8.115727247934531,-8.04266912619499,-7.972435770079416,-7.90338792052267,-7.833443318120014,-7.7650476157501735,-7.700063679933237,-7.635549847100443,-7.564563599558178,-7.483612271807347,-7.393987251011128,-7.301827841246397,-7.216585651343021,-7.1433125043458485,-7.074940951227868,-6.999100015409676,-6.90838280885557,-6.80596900677865,-6.702896008972069,-6.61179378328201,-6.536829451696271,-6.4640081998140815,-6.379577783867896,-6.277538296015786,-6.162965226887085,-6.055037907396895,-5.972834898017051,-5.900965932390957,-5.798478034286598,-5.634443944131354,-5.413422620595671,-5.169270143589393,-4.934638714515877,-4.734021689321627
-8.561807459466309,-8.510124830205212,-8.453791353530557,-8.394813894533012,-8.33345910252359,-8.272338694296757,-8.211888925551834,-8.148341012032873,-8.07645818049159,-7.9961333970561945,-7.91516401753533,-7.841227877615439,-7.774649244109964,-7.713168036168099,-7.657860360484365,-7.606844056109728,-7.55224107372233,-7.487007394303501,-7.404999298353979,-7.307943169683596,-7.20675473236183,-7.106603920124908,-7.013427006925326,-6.933657835573417,-6.861491032371175,-6.7874459560514415,-6.707522016203409,-6.62397798679248,-6.541322313055444,-6.461546640637177,-6.380538750710802,-6.288113825450334,-6.178614030267328,-6.062291035867045,-5.9576174037690075,-5.876555236313958,-5.799500227408637,-5.678967685943969,-5.491102224240915,-5.253000330288619,-5.005059177858282,-4.779256438451879,-4.5938669361111035
-8.461265619322965,-8.403306354906011,-8.344223456722549,-8.28341011221568,-8.219454252783912,-8.154678799883,-8.090737647661967,-8.025601986763087,-7.953636920599417,-7.874236499858271,-7.795589995464029,-7.726482904760137,-7.6681582491086075,-7.617625303661391,-7.570759059598277,-7.521062410507924,-7.461737097224221,-7.386676784077857,-7.2931496816439,-7.1862511975293595,-7.077815160247225,-6.974852722791179,-6.8860588488519525,-6.817262015711015,-6.760088328103119,-6.699235341423618,-6.625986708866726,-6.5433357251488165,-6.458798464359296,-6.375762885641569,-6.292973950230903,-6.198947120963452,-6.085233072450012,-5.967351394976133,-5.862231986247165,-5.767290758762296,-5.658656532227822,-5.504299192633514,-5.299417492575861,-5.0669478797498195,-4.839579459821461,-4.643124366406347,-4.488290581831961
-8.355391341181667,-8.291539156035121,-8.226708562381447,-8.16103601247159,-8.09326011963769,-8.024807495244751,-7.957675605200344,-7.892335580106273,-7.825214810757958,-7.755868001923143,-7.690070869174909,-7.633473750124907,-7.5854924320253,-7.539553941070175,-7.490025868082262,-7.430619275767887,-7.356197900247161,-7.265895064271949,-7.1621063675554755,-7.052228750246377,-6.947945010551417,-6.858742665229628,-6.78943969636844,-6.7343292915363335,-6.67877094416578,-6.612023327798514,-6.532269546307724,-6.4474833778271545,-6.36753215716371,-6.292474606890204,-6.209855524840908,-6.108429233866662,-5.990692916582827,-5.868762434339915,-5.749913409524958,-5.625117927045168,-5.477232043703538,-5.299459386666026,-5.102520354876665,-4.9013054869111965,-4.71049689110981,-4.551863702351056,-4.442949020783081
-8.2546668818218,-8.181942520556978,-8.111227217689347,-8.039633528297239,-7.96625079501305,-7.893890326173272,-7.826227953314365,-7.7643615895107665,-7.705467025798634,-7.648588918326978,-7.595995528994054,-7.549784327714567,-7.5092054319650785,-7.465190923154218,-7.408299428798295,-7.334341798601177,-7.24145246984104,-7.135798217431808,-7.02883596559611,-6.929625604965482,-6.844177891070079,-6.77577539388262,-6.7191420616712465,-6.661203868433175,-6.590585724551921,-6.509714713299023,-6.429615436202187,-6.358224318279418,-6.293949959936052,-6.224686101041638,-6.13632395262885,-6.022656416078331,-5.890153487985603,-5.749997448569097,-5.604737645618166,-5.45071334390959,-5.287435907829708,-5.120110897826853,-4.9534167254634145,-4.787222612166056,-4.632474336320476,-4.518551521225536,-4.464565506793781
-8.162664091815973,-8.084451746631379,-8.008605325126872,-7.930363893643056,-7.851101513161924,-7.776309037857221,-7.710396279740009,-7.65399262506423,-7.603617414116596,-7.556034650943305,-7.510569204904824,-7.4681870955951775,-7.4264899666238255,-7.376914732652585,-7.309825206456206,-7.223091041088945,-7.12001040458236,-7.010617006397469,-6.911039813023477,-6.831341344617776,-6.769246298316769,-6.715448182613674,-6.656575047428116,-6.583358602932753,-6.499240614374555,-6.418004221121347,-6.3520795296453105,-6.29868812886532,-6.242862368478525,-6.166983018169571,-6.060764203996775,-5.925258075222836,-5.768265974115214,-5.601770086402222,-5.435491827644751,-5.275435292323103,-5.127248831260139,-4.992335200383228,-4.860327898973908,-4.722871194063542,-4.60379780094891,-4.54456478422335,-4.546184697369677
-8.087190040619893,-8.007057202554224,-7.924143818990326,-7.838979073180142,-7.754563364111403,-7.678694148478043,-7.616805387633036,-7.566026333326881,-7.520018997331288,-7.476002864914711,-7.43273774933161,-7.388842550165062,-7.340093362582293,-7.279102314681446,-7.199348113118494,-7.102301408949029,-6.998498467428728,-6.899098661363184,-6.816742264437339,-6.75658799154371,-6.709214258451858,-6.657551869531504,-6.589352552097221,-6.505925805830345,-6.422565228709597,-6.356138170642703,-6.307717026096248,-6.26179364678562,-6.1965070204733035,-6.09961950112706,-5.968487021738145,-5.80665399922208,-5.625535556962449,-5.441879959721536,-5.272865171231652,-5.129164152432292,-5.008646597264845,-4.899998522251137,-4.789824579351451,-4.6837015221928615,-4.617315047090172,-4.618164036364842,-4.649465300510998
-8.026640460626092,-7.949359675051439,-7.861905315128295,-7.7704970202704065,-7.6845630142014665,-7.610926668950204,-7.551520555573834,-7.502227382059231,-7.456837999526378,-7.411614904632462,-7.365661730145682,-7.315124878972753,-7.253166086085995,-7.175151974914391,-7.081468793604385,-6.980320075786382,-6.8831021743405945,-6.801637815800267,-6.740668700389757,-6.695127404870308,-6.651662947745177,-6.5954651944339115,-6.521905064686334,-6.440554168869695,-6.367188970382412,-6.311066289769923,-6.263208671708078,-6.206345041498128,-6.124445962952881,-6.006469624980282,-5.850386166831737,-5.6652235933099595,-5.470585770583388,-5.289530335560873,-5.138595018749152,-5.019546663043784,-4.92071018865471,-4.825459549749838,-4.730338156444102,-4.662941990704928,-4.6564668591047065,-4.69902227266114,-4.717123282657373
-7.968662003177955,-7.900741357938899,-7.817561234775979,-7.727753159837736,-7.642045566573425,-7.568337468695536,-7.506626847708451,-7.452162213802858,-7.400399783075142,-7.348405313889059,-7.29464279865489,-7.232921457501888,-7.155940562270527,-7.063055007466148,-6.961052122969724,-6.862231783687216,-6.778725083171299,-6.716940371507084,-6.672955197384926,-6.635443014379649,-6.590193469180552,-6.5297924390329865,-6.457806304138487,-6.384622049025737,-6.318091235552383,-6.257094363488998,-6.194627994930027,-6.12040202178844,-6.020532379937342,-5.882524883738225,-5.706330789708697,-5.505973696709882,-5.310661589629382,-5.143201670831994,-5.013172528144908,-4.9180306987024,-4.842796205797852,-4.772604877393718,-4.711203779089346,-4.683340967284267,-4.702427739855831,-4.7391692782015715,-4.7257621565574395
-7.906599116770916,-7.852017397034926,-7.780893943025788,-7.696821336256822,-7.609787160537383,-7.529916510899262,-7.459842157459116,-7.396151958310535,-7.334951906470937,-7.273087846922092,-7.2074523516139,-7.133154874365427,-7.045047902106352,-6.945792157052982,-6.845795735131109,-6.757517761959309,-6.6898079232468195,-6.642835901711852,-6.6061640228184775,-6.567110668030887,-6.516659857877724,-6.454496636356028,-6.3866375897935965,-6.317257030779679,-6.247225751367338,-6.173831379483219,-6.094576004148491,-6.004563830284367,-5.890439593270515,-5.738202273322206,-5.54937140872674,-5.345246766718627,-5.150262456095184,-4.985722663178293,-4.863566176738984,-4.787070771760065,-4.750666463659103,-4.740605201719258,-4.741458551316065,-4.745649165676947,-4.7508375939766045,-4.74634419225258,-4.706767266350301
-7.8434363226063715,-7.797051722930369,-7.737106612300503,-7.659527392796192,-7.570498293183394,-7.482350399870196,-7.401884154911173,-7.328278397326783,-7.258045178603594,-7.186932929495586,-7.110250252844844,-7.023886379129278,-6.927874419712418,-6.829328679443403,-6.738909554150487,-6.667283693862441,-6.616443561365996,-6.578743173178786,-6.541097911141639,-6.49370676504621,-6.435007577929698,-6.36912804684908,-6.301708534740502,-6.232476363313961,-6.156057168506948,-6.0683851954279255,-5.968136265695694,-5.856852477512689,-5.728615797559984,-5.574980481993738,-5.393412229939147,-5.192901022773261,-4.995275174616916,-4.8240874093385,-4.702205239581517,-4.646103675913514,-4.655159262849817,-4.704886104151889,-4.753626993147907,-4.773727433846178,-4.766309621238177,-4.742943180775615,-4.7002222040735875
