opendap2json/jsonWind/windD01.json
{"header": {"parameterUnit": "m.s-1", "parameterNumber": 2, "dx": 0.225913101929244, "dy": 0.1674781212439904, "parameterNumberName": "U-component_of_wind", "la1": 62.47987747192383, "la2": 27.644428253173828, "parameterCategory": 2, "nx": 229, "lo2": 34.8260498046875, "ny": 208, "refTime": "2018-09-26 01:00:00", "lo1": -16.908050537109375}, "data":
[rows 76 to 94 of 208, columns 172 to 214 of 229]
3.249772659678424,3.198027827911964,3.1687658868926523,3.847170716552139,4.026220449210543,3.781193520962859,3.3406144628049503,3.28830325640583,3.302434368260818,3.523337592446735,3.5965382606502176,3.524582893426721,3.417166909831403,3.562884319573677,3.648080757457822,3.7472655265481345,3.802353595295491,3.761517009351365,3.7110661466119765,3.705700876003999,3.743601888116023,3.7795079950996446,3.8122815057468915,3.798053337100703,3.751498083173312,3.622841474190179,3.398235519103923,3.228735485903573,3.152961832536831,3.155506344696429,3.20982398718649,3.322178049999016,3.3871223551228358,3.3781656749351203,3.335853208061515,3.2960072879949687,3.200531958208349,3.1187076073609106,3.0540530083214312,3.0939434012272304,3.1469398648721,2.940971139770766,3.0633565488367163
2.6896871096375965,2.8305201719110515,2.942806505315159,3.3558262157930185,3.778229904398596,3.9994758205079486,3.9269333150859143,3.6532676912206448,3.413311926404015,3.4838833977922175,3.553863744289427,3.5168499013474284,3.4330238162744213,3.5357485963680375,3.6072724976233372,3.5921090890166876,3.568196193121584,3.536324085947029,3.5478370488456648,3.5837338703018227,3.6179083128071996,3.6238678060855483,3.6062109693725404,3.5519123264247208,3.4928841173459375,3.3977232922918463,3.2466040321229483,3.059086415375803,2.9828716641699207,3.0322468742976056,3.1219592881479916,3.2723527401166956,3.399514906267791,3.439447226768292,3.4200722843035085,3.3968172277191413,3.358379281539551,3.2094895915882233,3.0877578816105453,3.0660721425380117,3.1463232822162217,3.051364396750625,3.051422524867744
1.1730113902250536,1.613852538831563,2.260067288041258,2.7860134635284615,3.1633491358531045,3.428870547979868,4.070888587879846,4.215719747886447,4.0394988309353765,3.7168730966252537,3.634001257604004,3.514814142555436,3.3766013089026354,3.424050501841787,3.6410231317002073,3.6301432405127687,3.525894943720158,3.449847235686907,3.4197963853858266,3.487107392296497,3.517421488860458,3.4493235197701217,3.3516734185498187,3.272075105810912,3.2259905994452653,3.1841612092086202,3.147090530944569,3.0350631762125233,2.946442891247458,3.031750455571658,3.1311769356585937,3.263363660511878,3.406150312387383,3.4968705504767956,3.491451459313587,3.451553994174266,3.475662190146771,3.407816553439037,3.2546333299334287,3.1454231910226156,3.1986519327642986,3.2375694980566716,3.2015639332909083
-0.4695358667953867,-0.09053778364994614,0.751693981065756,1.7597034783670593,2.532224173860368,2.9514507954459717,3.477026706443381,3.9610414182557507,4.341737842931134,4.144178827765639,3.869206725863927,3.6600852734095106,3.5049070174705546,3.4399633247278003,3.678963758112047,3.810000746585091,3.671298102754358,3.5307465782188805,3.3918195332125483,3.3445229841678894,3.3466552766278266,3.271903377991131,3.120782495304435,3.0056460794760667,2.9891652166503206,3.031387898034434,3.1039266147005686,3.1090834028887144,3.0433518766408416,3.105747988267135,3.208165532888157,3.2664738477613375,3.302635018151822,3.387855364862636,3.437501967112078,3.448079673202543,3.423466652049668,3.409996120165638,3.3179535001818503,3.1900047509467964,3.2033794214783677,3.259363520499593,3.274889051970623
-1.4468089282952081,-1.3056748735460972,-0.7156941016767032,0.13922182749436937,1.1016486291889431,2.0730380360787186,2.665359445733128,3.3119084063372135,3.852969688476943,4.310104078108153,4.117679520443268,3.8162313340409324,3.5072328221762676,3.423177824078251,3.6437738402399678,3.9551742848954294,3.912640057374284,3.6870153259046625,3.484940443019208,3.293343834845325,3.2193433672678147,3.153399734153841,2.9962140376234037,2.832056402925344,2.7893869667586384,2.846441265317472,2.9747810827912082,3.093825603385073,3.1362185771796547,3.1435228932007075,3.1835990085337484,3.1692491479489644,3.1327765267757233,3.1676557003943593,3.2499993937690155,3.410878872589542,3.41110637835544,3.360017436165781,3.253936113485102,3.1285343227913285,3.0706950131349204,3.060399438401962,3.171574508677548
-1.654238918317588,-1.818223863046482,-1.476896070409264,-1.053419364015537,-0.4212120777044031,0.4419456355834628,1.5061441779759057,2.5370677087984115,3.171375160548739,3.788947381367903,4.103114458523644,4.225364265490572,3.8669408219848322,3.6290269878124173,3.6401388078023103,3.950227655024333,4.157797118538835,3.969379622956893,3.735049822558115,3.4306633779375915,3.2364312132837036,3.1653881893285303,3.03457772815894,2.8324899654494002,2.6812421694218336,2.684644920554377,2.78926786972642,2.9303527082761427,3.0432226869735777,3.113221910184886,3.1515753630161223,3.0636337651400893,2.9798179217536664,3.0082019118139556,3.1183710712247246,3.301658977887776,3.355508961115251,3.2848385431407996,3.162551581947022,3.0304221418248676,2.9486316930860483,2.9062991681170853,2.9935171324455667
-1.2651274102259025,-1.7943422060848606,-1.731555621552459,-1.4279003770006775,-1.2225647633041687,-0.9561621213026663,-0.32049045893936773,0.7265169696477083,2.0309101728550836,2.955566447389162,3.73743113451794,4.319485348535987,4.505315331593981,4.29178201432968,3.9745353535125134,3.9881010430644745,4.154419370991885,4.180024921167059,4.0451426488253865,3.750307454907305,3.4462958781422364,3.265028771830105,3.1547118628959425,3.029620248912412,2.820870302163094,2.727901072807638,2.750619399040972,2.813192772629175,2.928027308985842,3.044992286536721,3.155245935646228,3.0667228720728525,2.973812021467228,2.9695701108470667,3.0453785123614225,3.198048577165565,3.2782107265649403,3.1939518064368646,3.0518559484529595,2.9908347437979446,2.9687578124841134,2.968152449580955,3.0791336145107984
-0.684150145184725,-1.5286315628576577,-1.8912946027876283,-1.7106793519777936,-1.426018148479767,-1.2137139348923212,-1.1449617312062759,-0.7045190633815884,0.48241981168724635,1.758521242169984,2.9348269731288577,3.718874369694235,4.1755654390327575,4.322501790407662,4.319824643359368,4.218726651052461,4.192125698870528,4.24461496611611,4.318067713255993,4.196401786676922,3.838162587742226,3.5239422064632655,3.368862234448431,3.3215725496775166,3.237698032134224,3.1038926159787206,2.9888819687781947,2.8381112852770314,2.815959266315916,2.949192009516375,3.1350914702797223,3.165702629350713,3.1701708052792075,3.151478121701371,3.158383792008905,3.2275203113249216,3.3249041866628675,3.3519155836459333,3.1904547432549966,3.1157673764302385,3.1404726280606954,3.2112431995740396,3.3268309204685544
-0.2033841681295138,-0.9986415874127225,-1.7915671979281906,-2.2215957940621607,-2.1106408817651667,-2.0141004142818257,-1.8327618862912307,-1.5415286289664871,-0.962293564704147,0.12400293131177795,1.53213358921096,2.7357906721445255,3.5480417762334797,3.9358181933942316,4.3729637757014626,4.582527281653717,4.6160836466123305,4.615861044116924,4.6488045765723705,4.571497242788016,4.203203909088149,3.8755986421524233,3.6724248898272838,3.6301178666421987,3.620329308962016,3.472814363560293,3.260188325557118,2.9503579485913813,2.704472081000915,2.762844030952943,3.0989736793564227,3.339862536481179,3.4951584636618422,3.519226596765152,3.483421566846109,3.4988999625653734,3.5989449112875826,3.6955445961425375,3.606499281299453,3.450371484555002,3.3835788305173295,3.437309443143631,3.5648400204064377
0.0014096182420002712,0.09357957793572705,-0.647324942791705,-1.2587793456938483,-1.8142484128074394,-2.4934564003758033,-2.5466186250458356,-2.198395531255361,-1.8233015353860333,-1.091470313458309,0.13352509021521738,1.5291796277426168,2.7006284842491577,3.4431658864072543,4.079288649300327,4.779152950555219,5.140602953949301,5.182880566540806,5.081784027081461,4.89393427664428,4.4520498515667075,4.12577461020828,3.9317461851322433,3.8600201784778454,3.78511837181896,3.5771925847244144,3.282866576152334,2.9046906069231118,2.6815532760282355,2.7676297063552644,3.1011049269981226,3.4812944179328578,3.762359388644268,3.8187143665769674,3.777597394530154,3.766041327284139,3.913239747040321,4.039517059620715,4.021123085350681,3.8335751824118085,3.6602920660259373,3.6383334711706103,3.7217419043312914
0.09826572785902532,0.7464927784871821,0.7438176174288625,0.55600329386198,0.22545167568331725,-1.1342900844182653,-1.867754310994454,-1.0448072504842787,-0.8886264718826777,-0.8006279618822039,-0.6631783899471045,0.3119154414617845,1.5711524096593548,2.561932815628009,3.326914126393967,4.239513894973576,5.091094071151611,5.443681401261299,5.321152874913651,5.107359061139489,4.707002761626283,4.237898180922964,3.9699474634916254,3.847030362086907,3.7028911327148193,3.366840878295423,3.0297109075583815,2.7952142713272004,2.689789890895921,2.885274042242366,3.2245612948758406,3.4672106445808653,3.656502441566888,3.767173931943719,3.839270079923973,3.8383343487972685,4.0154822636805365,4.162534050510494,4.204888268268932,4.099496417083685,3.8653734385962966,3.7858209929753923,3.806002655838717
0.03034079562921399,0.4901414852074673,0.8101276624339624,1.2369804679891456,1.558926811595636,0.6890963255845839,-0.855024171139411,-0.34115154483256444,0.44009532623853953,0.23248422377722533,-0.747844122526815,-0.7940618462929069,0.42133773311457384,1.6608887389610472,2.4336677261531108,3.3100747539237187,4.357299743742258,5.0264555129272575,5.110921321953216,4.864970253293276,4.63830664719296,4.229017410845825,3.858424649896247,3.57006983066851,3.3555052341253435,3.0738162881061024,2.816795718472047,2.71599408837052,2.715297066714783,2.9559186606872694,3.3037285691740235,3.388127987161184,3.4403612800741104,3.5276259207394793,3.664210950369618,3.7622868020257227,3.857777589359164,3.9731200269545166,4.058799948751542,4.085894229356427,3.8994493920882016,3.73375495559608,3.718717088567613
-0.3218546275029819,0.11755648830834715,0.6898681887580156,1.0593695371613296,1.7417223890881202,1.6753253722142132,0.2709948899911184,-0.9132834230789953,-0.3095263854269762,0.45466544402231407,-0.32275445502953354,-1.1052886290590385,-0.2592335990102498,1.1084174691218083,1.8476288371908038,2.6219808715208663,3.5404304552806583,4.288994095972658,4.6213470899632085,4.46338302448351,4.298832165965547,4.143649609457371,3.802255299720465,3.2636088257475375,2.9346813893760526,2.7465077180577144,2.7366790814666553,2.7947346863901577,2.8406936291756844,2.9572597075485203,3.2086175978505906,3.2669014273983406,3.2756287452048944,3.3555704006553957,3.4833210300178155,3.5438969874434876,3.536694400322689,3.5365893022713935,3.6351696988799485,3.758394766009368,3.7161121815229725,3.6015491858255455,3.595957163673641
-1.0706403490836371,-0.5625988283083856,0.2392549578209663,0.975175288983411,1.5407024924486186,1.7909074085363135,1.816305696300228,0.7328116767666055,0.4346559568805462,0.4957491886318168,0.4070605111074362,-0.7389043795239534,-0.6223133402460265,0.6574608952232437,1.6001951722680814,2.4541917753687126,3.146344687954214,3.951135237958669,4.412505535640585,4.396750370640954,4.164381906417359,4.098986061572722,3.816259056141044,3.107429951449051,2.68129769328671,2.5444645713286316,2.7297906273080383,2.996666684489764,3.1235832468590954,3.0859377040601315,3.115964595455688,3.132582864972276,3.133053690909653,3.1689332815587625,3.253326456742668,3.2410409990711173,3.149869251718613,3.034639430863055,3.1094929716068735,3.306701657318526,3.43895969039821,3.482230378049112,3.6015650972902673
-1.841353138167387,-1.288091720963542,-0.43089009124364014,0.7804722966834096,1.7462898209653321,2.1795132195157123,1.955534353898471,2.0445340789580766,1.8167484835148318,1.3747385205490288,1.0193771183607672,-0.04391461881852331,-1.7105125971394903,-0.34429021242592195,1.0214051123669683,2.261745016111679,2.934913460407177,3.6105413922512937,4.414255167401727,4.7087661258964495,4.438727101596154,4.030686667147924,3.7161425843083777,3.0623241376697283,2.730864487370126,2.649177200881265,2.743880859062264,3.121153278481445,3.4065375659528674,3.3675528280887326,3.214740075366365,3.085547525883329,2.9732430674015915,2.9492657588271527,3.0204921179345456,2.98078050873291,2.849558740438753,2.7177100263660647,2.7289980792180044,2.9169331919384343,3.182313229187127,3.3804782964603564,3.573983786571783
-2.4553486448529376,-1.8280634098767796,-0.5867518319389897,0.7065370991440753,1.367589239672203,2.151613925889036,1.7947835532503895,1.8865804703287425,2.042271593593052,2.104363389402253,1.1931579429491352,0.21685681757232272,-1.4398447651869153,-0.8635560195900556,0.459649889964382,1.7194453538194225,2.1870723075767295,2.6677092452561455,3.7085016396301063,4.454905561668058,4.368974352955171,3.8304311844541656,3.4032381143061015,3.0951743812747137,3.0651355210775337,3.0618773237582517,2.95040411012603,3.081890944583344,3.418700024486662,3.5911856945864082,3.328567914873244,3.1020872938484474,2.9137527614574736,2.841473072597743,2.8897615602171722,2.9688790201837043,2.8854783616704758,2.7544663709544452,2.6763365829431742,2.745883941934141,2.95252886022129,3.2456949761956797,3.563956904755774
-3.0461822811634303,-3.1295803779785225,-1.7625323694691613,0.09695498948151386,1.4364767908981215,1.94533853247724,2.368786311556686,2.612537534336759,2.4153153469639332,2.32831645508199,1.9144308645545065,0.616431542064772,-0.3118683101986319,0.27095883784593006,0.8495560530616925,1.1440335740677303,1.879274369134432,2.40074666433137,3.346057876549085,4.112196222023687,4.089287992737748,3.4767674160375757,3.0646240150841146,3.182075983674193,3.5173805019370867,3.4766151529786775,3.229790903120022,2.928632830918896,2.9757144568245644,3.349708039294433,3.385160505065121,3.2225850305085455,3.034214834582032,3.024677011333346,2.9475777326723245,3.019809367210229,3.0638551187422896,3.025737290918844,2.8894543910322925,2.8413507196233767,2.7706439590220127,2.9521710842458253,3.3611570420880956
-2.9260036968947207,-2.664325675935044,-3.0267492461499055,-1.185340278395407,1.464292691747173,2.7869191039689922,3.3383476070754736,3.407728264852911,3.1567820103981803,2.483290070703991,2.4236700130285382,1.408622900068366,0.1413623574239876,-0.0373006347746285,1.4657435759089539,1.3996133027688957,1.7899035050400367,2.509179875539715,3.410952562492195,4.240829484686658,4.313064609316312,3.687791902004974,3.1152344632604105,3.156801754130669,3.6914728754254433,3.6080292033782317,3.1762585272317327,2.7250215301385214,2.584767537546393,2.937092517538929,3.351558270422555,3.468934245673155,3.2582384766941104,3.2452065162755894,3.180724543005673,3.0785641064820877,3.204063313778599,3.2776941118393417,2.9993386002827895,2.8131429345918892,2.820368479364203,2.8039402241264018,2.8036520335196236
-2.5315700600392095,-1.103989444268759,-2.5614007186317,-2.2226718319742074,-0.0038802946137161,2.460848407857252,3.8702925246714734,3.7099926027393284,3.038068800143681,2.54996120591225,2.077445129063003,1.4237785078809886,0.3736351239034762,-0.2154691049976508,1.037880268789994,1.8334364344048482,1.7799545068042781,2.3901633186154756,3.2529359707642165,4.040564820955031,4.2952912221249875,3.877973550734456,3.2140091704220346,3.073139308497476,3.295701951610157,3.2615051695567376,2.9616329509745816,2.6050552567412324,2.4587779080759695,2.764354144333135,3.229857423150541,3.482901394599882,3.4037623411831706,3.4102184394605692,3.4174905803116538,3.134121454926471,3.2980930517703024,3.67208051428659,3.5816782536889225,2.8758015883666235,2.938070611551269,3.5846221999736705,3.2499511940592907
