opendap2json/jsonWind/windD03.json
{"header": {"parameterUnit": "m.s-1", "parameterNumber": 3, "dx": 0.01065765380859375, "dy": 0.008131171054527408, "parameterNumberName": "U-component_of_wind", "la1": 41.631134033203125, "la2": 39.151126861572266, "parameterCategory": 2, "nx": 300, "lo2": 16.316253662109375, "ny": 305, "refTime": "2018-09-26 01:00:00", "lo1": 13.11895751953125}, "data":
[rows 95 to 113 of 305, columns 86 to 128 of 300]
-4.077110545814128,-3.5440281377978264,-3.638848521211454,-3.682897443522676,-3.5016476200644306,-3.440398201112471,-3.2854855017782856,-2.9906377313120482,-2.120154659281968,-1.44448515924472,-1.7281263022490363,-2.277548442854392,-2.782003174297698,-3.1640868755440463,-3.4083321017282113,-3.4680825522711918,-3.2180243796870194,-2.7923889852090293,-2.450990067711842,-2.380017534005352,-2.342389536424456,-2.536560250458634,-2.556140603502574,-2.783698342061685,-2.9211867229362602,-3.036149873757055,-3.0892401647474537,-3.099397247836912,-2.9901161344117986,-2.7416068444639112,-2.4114381886888143,-1.9905523718313904,-1.5346264097370985,-0.9617058595049016,-0.14196078807486137,0.8386705578729421,1.572017615654194,1.9226053723391676,2.1585973973379042,1.9470147571317735,1.188833789867934,0.05906899874763723,-1.530861357404687
-4.0828831063983335,-3.519306662285833,-3.765413002718768,-3.619235051242711,-3.473087218690104,-3.4809830323932394,-3.4328464476186884,-2.6116306895323005,-1.9922150601954036,-1.4075181247847288,-1.158373605619167,-1.3740640574925957,-1.902855399620878,-2.3293229879574624,-2.736927099716383,-2.968415201358302,-2.9331109915891953,-2.831653193781323,-2.8698170068762496,-2.852978959387787,-2.5750387262118783,-3.4691120746887307,-2.8607462924758913,-3.0718426242004715,-3.3859403257343743,-3.542547136596304,-3.635782742113843,-3.711188426297469,-3.5493316259891485,-3.318730526655941,-3.063559764635786,-2.7282094127599823,-2.292601389020148,-1.5707193835113102,-0.5732532995725578,0.45410145328741375,1.1465975931589805,1.3651042099627368,1.6195792561631477,1.2523044971057267,0.48585629208581976,-0.5886360502266961,-2.1696556052477294
-3.697270527878172,-3.1254477069358093,-3.3903402374710536,-3.221900259909366,-3.1892104681813898,-3.1115833531063024,-3.1384744976435366,-2.4124803660933556,-1.7720139293059416,-1.532402248958451,-1.3253750936657216,-1.2447168853937454,-1.4388267860252317,-1.798012594039947,-2.202911841014605,-2.508156865761204,-2.6468565526575953,-2.9350192525386154,-3.0725810225658354,-3.200472700693392,-4.010608752456315,-4.202947237155355,-4.594271466860993,-3.8825469346326438,-4.4912419055979065,-4.457583010073885,-4.270900239242862,-4.1374380153432755,-4.064186947313928,-3.916360095011858,-3.709184474019575,-3.3307368148026404,-2.7258003829974258,-1.8898254287752265,-0.9981956687218407,-0.2857134435443619,0.15456520420260023,0.30130809691795457,0.15282532140737243,-0.449096981537984,-1.0383127802521719,-1.9418003967519946,-3.134357611808073
-3.663810101911246,-2.675751244969012,-2.6061270409161628,-2.4921631213779656,-2.6453448996532787,-2.6782714938786842,-2.526973816822333,-2.3747649381585245,-1.9899973994743845,-1.792747755340981,-1.5613880883257554,-1.31998554688016,-1.4193436754293063,-1.6903888510626546,-2.0121354388337056,-2.300400692789388,-2.4936637063218625,-2.520388430686883,-4.105791359703313,-4.374787474287295,-5.104431194882267,-5.465281232725563,-5.643867606394461,-5.851305837182517,-6.14957652440466,-6.119650167064058,-5.9203443262057025,-4.568318548562474,-4.587777754294282,-4.316422724619688,-3.8642803101050265,-3.2121578073974084,-2.5136107885562415,-1.9170888357353946,-1.432109672989915,-1.2684906304528454,-1.4481561533264944,-1.395562893012885,-1.6601462294448825,-2.247321273476957,-2.5632443590461045,-3.4808524471186537,-3.998541157850462
-3.3645092513516293,-2.4913830877636354,-2.0528161813644594,-2.0050019950696023,-2.132533025098505,-2.436867457079185,-2.0709979907260627,-1.8492073225508119,-1.777009340190424,-1.9168070224072085,-1.9375208770958972,-1.598428381530846,-1.5712885113283364,-1.8317821139512007,-2.1405795481893337,-2.3439716963916704,-3.0920038116470705,-3.881512203062445,-5.090937779639721,-5.604529484283901,-5.955231143463791,-6.28028009152872,-6.490367891697717,-6.7925510829739775,-6.952606568391721,-6.938888547651856,-6.988036579487682,-6.218938342995859,-4.717249007319925,-4.201537148066887,-3.405650835940824,-2.6917516019819083,-2.275492316641498,-2.231632379669762,-2.404910659433819,-2.694523584804458,-3.2777779367225053,-3.580964464090336,-3.2115291520383002,-3.3061866216156934,-3.4809742982392278,-4.756767530013108,-4.486492476751862
-2.8203883952323037,-2.3281862688419115,-1.9677183309560624,-2.0248120281748134,-1.85406152312337,-2.0838771322744325,-1.6645082358501622,-1.5238519064717113,-1.4748998527667312,-1.676590260851335,-1.8350570080741389,-2.134261407086044,-1.9188851906235498,-2.172173614535527,-2.5199723068883,-2.8049215592770516,-3.92298312591011,-5.675935940436137,-5.947926428037527,-6.352861034697176,-6.7958496866081175,-7.155688877105565,-7.503706801032004,-7.7825192085223565,-7.934412892888069,-7.954399888812844,-7.773974149902844,-6.518649312895745,-4.096919142244915,-3.460216424930101,-2.67345550703389,-2.424631106429845,-2.5889174831784536,-3.0918943020314655,-3.7778670821088207,-4.307839815705327,-4.914081200405867,-5.581873633252245,-5.551751294222657,-5.574061100919624,-5.371732177607552,-5.609095474420726,-4.588408978609893
-2.265323243919481,-2.166122413632667,-2.112796262584056,-2.001874243306422,-1.7447310073149902,-1.7072210212156458,-1.7343725465069555,-1.5985532027132174,-1.567637580650023,-1.7321194080899123,-1.991141636844041,-2.4412461219841526,-1.6221928688003273,-2.2951367331890555,-2.930156910013365,-3.3912047467202773,-4.827654241712539,-6.512494555856408,-6.784908121017674,-7.293015332379995,-7.689662682475772,-8.094026914369161,-8.42388801199749,-8.633806629640649,-8.71395502237092,-8.612163577841356,-7.810791713805457,-5.968027493670337,-3.46193844074653,-2.203725802487516,-2.167487271178153,-2.5982050094297167,-3.3369939650027973,-4.149659681915922,-4.98647604695169,-5.527168719796181,-6.039318255960571,-6.659810514134843,-7.110871939425722,-7.0730382868177255,-6.71017358475767,-5.901723149902051,-4.684057956310702
-2.554444894469056,-1.9047366891839745,-2.3076733411775363,-1.8009231896655433,-1.401416003991521,-1.3458690306485557,-1.841715725356872,-1.7901521130601388,-1.924237907076698,-2.167059083154448,-2.5129115318403223,-2.8937111952749994,-3.069328203110198,-3.3072904717564313,-4.309473365245662,-4.968826045512554,-5.9060232047804195,-7.397982615697848,-7.578734679427889,-8.158669130058943,-8.555438205289477,-8.923691022889983,-9.141659845224751,-9.205064807249968,-9.065216524366537,-8.487603457202335,-6.622651431378743,-4.159673140413881,-2.6864829862879342,-2.0899999608285214,-2.27883599101075,-3.2249026632156474,-4.1070204834499275,-4.924148744411235,-5.68579107381682,-6.216805883586031,-6.781157789945515,-7.261842936986608,-7.375321475454099,-7.245673894224184,-6.821000423139244,-5.901016891032447,-4.7682923721263
-2.8931913676464185,-2.0450933299400615,-2.215151969550737,-2.005005695685308,-1.4254106665741164,-1.1598366664345994,-1.4768159921610948,-2.235336308583119,-2.466195911689136,-2.843267578068715,-3.2259929847779016,-3.602409625166962,-4.133425537881689,-4.772077244191402,-5.663893332645538,-6.5408235255244165,-7.40028382405988,-7.982541827753063,-8.30832444429841,-8.890441388232194,-9.1796575701651,-9.404948599486387,-9.42683982136939,-9.264450800637983,-8.86262077213644,-7.575676958696486,-4.764331661227104,-2.9948094342856395,-2.6280848977326103,-3.4846523172557484,-3.4294268292122685,-3.7949862004777115,-4.579266307170739,-5.208014821420753,-5.820449128077155,-6.448175593386688,-6.947101299219371,-7.3001591440912454,-7.272689351996396,-6.949967775115484,-6.42551318558766,-5.6356466008489035,-4.6855157695302685
-2.4048354038163953,-2.2745219648277737,-2.1169214635090086,-2.1818656864063306,-2.09246419060505,-2.169563420459718,-2.2975010201693093,-2.7624363976512485,-3.1596510466647,-3.601476434767261,-4.00798519568718,-4.459156955684973,-5.0137099040469515,-5.729754141089812,-6.513854881942749,-7.273388088423474,-7.958972393933563,-8.461039012748833,-8.879959747494823,-9.269358537304269,-9.426640583295091,-9.478719065009754,-9.43460163190019,-9.316692369609859,-8.423046738197558,-6.025806698226457,-3.4660263048245685,-2.6609363726054798,-3.2366241750391973,-4.048525243529067,-4.391275184130437,-3.778173851046632,-4.23382859011317,-4.836643514123877,-5.492146001239931,-6.152478207138117,-6.606790057391555,-6.808374701117584,-6.7556047593260224,-6.391926958799909,-5.902613980873249,-5.28400395356872,-4.445635165166311
-2.0111072169873325,-2.085785258307512,-2.168598202975605,-2.2737145716694003,-2.403890231767941,-2.6478155997270805,-3.030434499292813,-3.451390781729154,-3.909330049375045,-4.389409589796044,-4.881965936879579,-5.463187657952699,-6.141291483846927,-6.827883286851165,-7.491424233255271,-8.072436028563558,-8.535316467987776,-8.895540172511383,-9.184439676140036,-9.377576533838214,-9.538315753185596,-9.665373261618171,-9.427600167235592,-8.363295135158424,-6.00449722310047,-3.240072404114572,-1.7152046402668213,-1.639550809356999,-2.462723025448419,-2.74493386762571,-3.079931668178642,-3.525563165829555,-3.4911806560533707,-4.266896766748427,-4.92915281774914,-5.506414401567004,-5.941008910703586,-6.170993302295753,-6.161562896997037,-5.772085638536279,-5.101540101638617,-4.326740705518414,-3.389522200009471
-1.5318236071831821,-2.2600720055595445,-2.397284263022787,-2.5615590659669323,-2.8208781741920146,-3.200774737501012,-3.657692314908115,-4.15600057427952,-4.675454100980154,-5.235082098391553,-5.859126229778388,-6.534258955986951,-7.180632325287377,-7.757768605359284,-8.255681436099144,-8.648059105357056,-8.960207562423012,-9.181455526981354,-9.369841984018711,-9.522423463143438,-9.404560631054439,-8.608338661079983,-6.8381457895699596,-4.281452144433913,-1.6797217905899633,-0.2535800479441734,-0.025434945347406562,-0.48158495186520395,-1.1005818383820631,-1.5226303760510924,-2.2443938257155365,-3.0887372854780417,-4.031334089495753,-5.062535241876543,-5.736953561281092,-4.991577723367576,-5.283790101235913,-5.240069825488835,-4.844291890724573,-4.1269908785440785,-3.361892763519875,-2.4295849391863276,-1.3284113916050346
-2.3771092851189084,-2.5588509230780767,-2.749972555419229,-3.015110387365123,-3.4053560849924103,-3.8773565985848752,-4.37931048867789,-4.8928507233638685,-5.464261069886711,-6.114316971263875,-6.817898440244741,-7.468418178157647,-7.987237412408405,-8.40360341612469,-8.733442913456033,-8.964278981223687,-9.131024998808526,-9.291803884784972,-9.285022363430558,-8.640601323310555,-7.107579476265867,-4.9239296715703595,-2.50767906938332,-0.5672283846393541,0.3215491035332308,0.22621468882423265,-0.28500586419379814,-0.8951994887933693,-1.5374406497910567,-2.26647976666654,-3.124711048491941,-3.9544293931143626,-4.722416436195525,-5.257815129633083,-5.488011919825778,-5.059809327837571,-4.661327077782565,-3.8854388586414887,-2.949832730064811,-1.8490479150747283,-1.125687345234124,-0.5595330823885697,0.16417898415949791
-2.7292153372132253,-2.9522225895527603,-3.222378675037013,-3.5960519289943673,-4.069775464281914,-4.567369472900173,-5.070855510154378,-5.6162114866817365,-6.254634653386169,-6.9677032720844005,-7.643502957413298,-8.14683563635687,-8.497001073133655,-8.749971258579299,-8.887349390546373,-9.00824438399889,-9.134793096347636,-8.826973505445045,-7.542210368200945,-5.448810332504606,-3.278094026170317,-1.454888235660997,-0.2460975317777964,0.00747637105861507,-0.4638842075648924,-0.9032706033825205,-1.3210028008354469,-1.8385640733388584,-2.386798679160495,-2.959724981183853,-3.4494781523231377,-3.759627193087237,-3.824008529553852,-3.646183958088667,-3.2545382615088436,-2.8341003182590554,-2.283875475864357,-1.5899999693179778,-1.0301453088374086,-0.41213408499144094,0.04850472800765579,0.19541076134442603,0.4289804481798242
-3.1546189037947614,-3.4264846465194934,-3.785372600140468,-4.240529850487298,-4.748798780780576,-5.245727728964094,-5.760557301516085,-6.358905992049841,-7.056211148166188,-7.743890956786052,-8.262139416126242,-8.57411830809975,-8.733006539254932,-8.789417991276643,-8.870505833246046,-8.847626919653491,-8.053732132924065,-6.06312438793878,-3.685262652246298,-1.676821062495191,-0.25040061389037893,0.34663172810988063,0.15645783929180643,-0.24780879170420686,-0.4372738916720266,-0.59916321152499,-0.7506298907423561,-0.9541299539356491,-1.168487536881731,-1.3615952973428962,-1.467695894492098,-1.4439011856910184,-1.307296993775243,-1.0815823368861177,-0.8081140292099322,-0.5148874605645664,-0.27336978269516066,-0.06601329511428566,0.04021045879815451,0.09225916674147218,0.15820845349918083,0.2499647688347645,0.4186136963313621
-3.6609799767694993,-3.9716213137577787,-4.390926589175695,-4.880697279371468,-5.389747601264985,-5.895823369968002,-6.464661402396838,-7.132129581505616,-7.80985863132195,-8.33599855512605,-8.616566021421402,-8.685204129394227,-8.680257230797185,-8.674601673122146,-8.304790459992645,-6.92925347665065,-4.473104632322967,-2.0222864800567844,-0.24222927124698362,0.805210259366725,1.1214182833346595,0.9327970044486218,0.678764895864861,0.5924743050827355,0.5754037028273976,0.5492044305770065,0.5424070310772907,0.5103597722899237,0.4370441053385628,0.31486157970292,0.17714654776220728,0.06598040888066124,0.008678361021447272,0.008097798049597899,0.040707528131088945,0.05604714079441595,0.06876550726021059,0.11572932823177208,0.20216968217045136,0.27388381103558335,0.21445186914431202,0.2865665343041396,0.4027805803942524
-4.172471359150691,-4.530032852741159,-4.982961919944505,-5.478210224681118,-5.993472801758328,-6.549675007901679,-7.196028649702747,-7.861177489788352,-8.373367238256117,-8.610317501661886,-8.609845442016589,-8.54673951757874,-8.344038584095928,-7.491696229776102,-5.657775386522584,-3.1456044221962762,-0.9596511439774935,0.3344483363720022,0.9637475206117402,1.1307972149569352,0.9852857754937625,0.8300150586191861,0.7278666518353418,0.6597701111874883,0.6009355207684015,0.5401391557797384,0.4841388904950263,0.408010607678194,0.2938858010809714,0.1524278096861475,0.0046513976232823604,-0.10926804917220984,-0.16564057388373113,-0.15428937502625106,-0.05875644507383275,0.13894907941738704,0.4328578722827535,0.7428627329349575,0.9616060741118226,1.0205895884577116,0.8037203374368994,0.5988707231825949,0.4426140614157433
-4.692143189514289,-5.075172457983333,-5.533089560534234,-6.038066554163514,-6.5977350360985945,-7.224983548956829,-7.877018360288149,-8.37968633186265,-8.593050677701509,-8.550156997452573,-8.380031598101118,-7.854830538089789,-6.518197265622256,-4.4528195219527165,-2.276845854768885,-0.6416060172113692,0.11449664837740813,0.4554613584758517,0.5197519345752791,0.40700005364385233,0.2721259511331421,0.15613799727301172,0.07287724038235072,-0.03673220690229412,-0.1475131769012703,-0.26743025668438836,-0.3823323748625682,-0.4893080581894363,-0.5893532215410953,-0.6675377341494924,-0.6990071636736369,-0.6514811321555096,-0.4994542146006523,-0.23516710067461513,0.13305861862345486,0.6110808273749092,1.207820617293165,1.8850545205585376,2.5552750025769106,2.983635492390042,2.9448980426906965,1.7777829740677347,0.8551872943057126
-5.186491088708613,-5.584587099444404,-6.0533933497004515,-6.598124150989317,-7.209042419204751,-7.844024293620779,-8.34710785493142,-8.57013708247881,-8.51905917440818,-8.187079532497616,-7.248522068050867,-5.509505231759441,-3.4905797330939237,-1.821197002126052,-0.7480298769941229,-0.37881621712256586,-0.3008403670932804,-0.19986219273100211,-0.22439145176654743,-0.36212274803757416,-0.451546256758497,-0.5203680299240295,-0.6010756569179336,-0.7175615603175971,-0.8700230946677653,-1.0373711981660005,-1.1877398324309905,-1.286747977288508,-1.3153148503606351,-1.2662713202768647,-1.1413444259966323,-0.938751462045754,-0.6635663936085406,-0.3208940449488412,0.09535086208203539,0.6414439626559608,1.376464241361135,2.333096364036362,3.51680390068137,4.69620786858614,5.557357739661845,4.178316468506243,2.763291936644338
