opendap2json/jsonWind/windD03.json
{"header": {"parameterUnit": "m.s-1", "parameterNumber": 2, "dx": 0.01065765380859375, "dy": 0.008131171054527408, "parameterNumberName": "U-component_of_wind", "la1": 41.631134033203125, "la2": 39.151126861572266, "parameterCategory": 2, "nx": 300, "lo2": 16.316253662109375, "ny": 305, "refTime": "2018-09-26 01:00:00", "lo1": 13.11895751953125}, "data":
[rows 171 to 189 of 305, columns 215 to 257 of 300]
-4.523565350567639,-4.251472248085011,-3.765608360701613,-2.55373798151798,-1.3526278446088706,-0.42584013330004133,-0.8117966572440816,-2.1468465613024668,-2.688108697988417,-1.993769529413432,-1.9167634491582923,-2.1311631897479417,-2.1990422215508096,-2.7620309261418807,-3.0890151773692076,-2.6322787992281285,-2.5109190263143706,-2.8777464716402985,-3.076290609787946,-2.9546724658472585,-2.4597481054034986,-1.8835410014316278,-1.4214514464317376,-1.6304953618404787,-2.6788304139885355,-5.7692470152711515,-8.748743722232318,-9.406079012274548,-9.678558583135038,-8.777566139274313,-7.5787630564603194,-6.557288205056173,-6.498347149816324,-6.320286711405944,-6.313947812548324,-5.872474987101533,-5.41661527395042,-4.5410647117726315,-3.5017049246621297,-2.6439250164359263,-2.0190703903747194,-2.406552797637755,-2.3829735568500556
-3.2890927273833697,-3.315365417626162,-3.2902790933374897,-3.100145681040107,-3.077385985824768,-3.2541174988365977,-3.1879536660874774,-2.8402643997705623,-2.5545732237519236,-1.621487759955834,-1.553507460438668,-1.8099360737706998,-1.6869166711752026,-2.1396221659344503,-3.4468383843389354,-4.3735599614818295,-5.001362304454936,-5.64881592380797,-5.114263025065309,-3.35759459559422,-2.8220413283407404,-1.6304587767525227,-0.23592217602557886,0.20183759118489525,-2.0336877763424313,-6.0390099257244305,-9.048053573230236,-10.12924223101179,-9.400317566975152,-8.982963936972281,-8.25285039765726,-7.430296439895517,-6.722181857074606,-6.898376300910964,-6.956447326039164,-6.614992094548735,-5.817813790552131,-4.824869993270932,-3.6432786880419163,-2.6696827267005636,-1.7804743011409692,-1.6027392170233836,-2.0839409140360035
-2.253931327282757,-3.6897406119202842,-4.510487383151567,-5.333090585068012,-5.762029564117072,-5.260748778963209,-4.147749368186775,-3.0642254862459186,-2.2671312468183467,-1.3290529637671065,-1.2671610365177388,-1.6703223016218578,-1.4933820800227584,-1.8374223305418314,-3.58866235374772,-5.624662253522855,-7.089677510742854,-7.672766260816946,-7.174982122700398,-5.512078254486305,-3.4547872200216183,-2.198925066635616,-0.2245501313555431,1.7834847299517658,0.4952189324956766,-4.30205894654063,-8.371636853114374,-9.236748995710302,-8.92028473020601,-8.324283309586027,-8.52355289138306,-8.093001766084981,-7.767114045444171,-7.715415373468314,-7.233803661029519,-6.889302167127268,-6.281829146850245,-5.093679129345148,-4.025937994174505,-3.2021682570052494,-2.216444789454227,-0.9425444986981182,-0.894456779501719
-1.3146532098368715,-5.0710296102894485,-6.539756029252011,-7.0011044443468515,-6.741655843491329,-5.658495310122709,-4.188805758148522,-3.081294942809241,-2.181826228634589,-1.3982573783279393,-1.2259595647010433,-1.544879880129862,-1.6199965224753061,-2.500527188329545,-4.53480256571229,-6.621642110110685,-7.496472635395288,-7.675517521812747,-7.419587793668711,-6.969015989112005,-5.328819809001182,-3.2805225458314564,-0.8660185050186419,1.7688808919240246,2.6811441723325458,-0.49070316972070827,-6.209413089581724,-8.98089259200067,-9.104705827570386,-8.363966169744993,-8.226149355731728,-8.636922681265553,-8.900553801216141,-9.014786427209572,-8.337301626797274,-7.3420967499537175,-6.6177831197127315,-5.727447203615174,-4.816440766827417,-3.6670861923102223,-2.6760173278387076,-1.1658113694360754,0.0725802693641095
-0.7539217154526858,-5.5895106539903665,-7.322820109051241,-7.5340935026774885,-6.585534304318826,-5.357780886955247,-4.050533966408272,-2.9323190793542544,-2.095334432475049,-1.5356039192056037,-1.381985258334957,-1.4504121906141532,-1.7392796474746137,-3.3690421299158673,-5.616833382732703,-7.430961815803837,-8.014597211300098,-8.388492468544356,-8.29441127912193,-7.702014353073906,-6.876554030880076,-4.836361689454016,-2.1004731290432965,0.5822520694069665,2.2709464213581034,1.0119637762378486,-2.9550385433597928,-7.157912574838961,-8.162183217046083,-8.09255960923113,-7.7617696922131,-8.006398749700264,-8.542273084025748,-9.233204718736157,-9.402437286457705,-8.66404919359081,-7.214923964768035,-6.51641307856506,-5.872470248401813,-4.506211548642345,-3.210976167223809,-1.8453224682094493,-0.019798661945152993
-0.7072015159698594,-5.999439451097419,-8.105325754204397,-7.474519775699607,-6.420014153701219,-5.077046349141262,-4.066793185232813,-2.8279276999038925,-1.9653512152887027,-1.588648979283158,-1.631685814131005,-1.6719861425777818,-1.8967188766223309,-3.3194174359695525,-6.025244038415599,-8.424990585391907,-9.58799166354043,-9.446978228941331,-9.111893861550328,-8.340164089272653,-7.382399125697684,-5.798159401026672,-3.6100529900707516,-1.0721684415437485,0.37770358857580977,0.043031685121892344,-2.4362235667733714,-4.933055021282566,-6.961127036741507,-7.475047912581831,-7.593923574429713,-8.052343502433043,-8.542295627863316,-9.201603341854234,-9.288444209823345,-9.199044281948858,-7.913588458076673,-6.755836302578945,-5.914661277746772,-5.4040314369702065,-3.5187389735618595,-2.293321533932323,-0.4862396471206205
-0.4792586468234649,-5.558464463962783,-7.671883661429811,-6.920393968931809,-6.010982804145688,-4.776330876073314,-4.103982752023644,-3.1441572956362167,-2.015388732126662,-1.631619151710395,-1.9369691534330356,-2.163323265933737,-2.2281492381411967,-3.1919542489194455,-5.921549006809495,-8.537406608708464,-9.926074936909453,-9.668669242479686,-9.593720423632059,-8.29509335238522,-7.283706922021815,-6.116109605629507,-4.010228913096271,-2.134501522210347,-1.229857024797043,-1.69614732866342,-2.928244287862783,-4.245053302575542,-5.700381493031278,-7.836108865040794,-7.92876847137226,-8.561158707205445,-9.021249956011246,-9.554947097445467,-9.691296410115887,-8.919520225788409,-8.395996658722778,-7.226631235660752,-6.153532627847167,-5.712301402455937,-3.834414543194853,-2.3338182665706038,-0.8206697832247659
-0.7600724729101984,-5.181883494516324,-7.237322458591029,-6.720015429505537,-6.172408989953381,-4.764110548678209,-3.8739634049921348,-3.3403599243541264,-2.363173968712661,-1.842353217929787,-2.1522537563492055,-2.61297265675271,-2.4060671867004753,-3.2000608641631323,-5.77612163552032,-7.909192190936354,-8.609006180880158,-8.706456991950473,-8.76097449216457,-8.12682801651549,-7.0795355317725095,-6.165604631570089,-4.219833391265134,-2.208203933167501,-1.362793236596751,-2.9365260197682894,-4.992405466852932,-4.919138079975382,-5.104282275522571,-6.593533295588586,-7.460798651160946,-7.806783120080992,-8.398580036564711,-8.434753796828268,-8.75476559884812,-8.689389934943533,-8.632004983186997,-7.9214361099351365,-7.262277666467182,-6.180507883548272,-3.8801127280022443,-2.434841777012581,-1.2627511806177383
-1.2053177473121728,-4.738802270251221,-6.399556800619889,-5.8196224167014865,-5.872986791478041,-4.954379157580654,-3.697804682567603,-3.048471098477982,-2.6781947950022893,-2.3896704092696295,-2.6102108272034252,-2.562007721793332,-2.3133745174017575,-3.7451857938545894,-6.702457734707962,-8.699682812980962,-8.06267005014306,-8.433528195670371,-8.292119099483088,-7.6131420063208965,-7.047532749105825,-7.103950947493353,-4.7499439926263145,-2.0365955944865153,-1.6679569616480296,-3.261749571541392,-5.728876716759396,-5.396997349068233,-5.117072834257177,-5.543321780979488,-6.527231115920584,-7.595818821137628,-8.384003213582888,-8.578938091243318,-8.45382008186497,-8.179323790116008,-8.217007970658768,-8.44711445830356,-8.184509108052135,-6.847569627652943,-4.190809233459572,-2.5351192042497073,-1.8095041029274612
-1.5361444857073863,-4.3916116805069585,-5.914244675277962,-6.221098777469364,-6.160552174036185,-4.82298606017317,-3.418171141469986,-2.6538154821087283,-2.7941212173507273,-3.128663553913602,-3.205490729813016,-2.707605841503402,-2.6925806859802854,-4.684404533579074,-7.549246338014646,-9.19929132560185,-8.78205608877875,-8.434564417952517,-8.208280652388861,-7.673707568559861,-7.130601858840693,-8.207378322061176,-7.2903716841903154,-3.9241576938355878,-2.2666518487751635,-2.38583329175513,-4.1862282134950135,-5.549344597991976,-5.538289523676182,-5.578889374724915,-6.659397032308536,-8.325050827109738,-9.781927858623085,-10.101012667464511,-9.544880966031988,-8.746131816696133,-8.028898089031653,-7.670315517858208,-7.4405059576755175,-6.36778772995227,-4.207079201948394,-2.5602499925004745,-2.0065810210361943
-2.029740905776777,-4.957780440710466,-6.424053890608791,-6.882203466263338,-6.742241597486805,-4.838788506041336,-3.088094717288896,-2.3826328209634906,-2.517345404566699,-3.2182546473552485,-3.542954564009489,-3.043702868480482,-3.5017780359087247,-5.5472293182938275,-7.854779331682699,-8.705951710670345,-8.945426472837205,-8.457148239886623,-8.685638406831172,-8.03688265076186,-7.918492936981117,-8.65322536800001,-8.744965454876706,-5.809499436993642,-2.954632018970913,-2.312232735897914,-3.2040146156420555,-5.26627868364308,-5.875215849711816,-5.907043519111283,-7.33394345103975,-8.96620009562642,-10.151973962371315,-10.456543959734807,-10.304862819385182,-9.704549406404334,-8.762333361480652,-7.806210615833825,-6.820436809440457,-5.178432692833173,-3.23882386385936,-2.2376052960920063,-1.8292367248733767
-3.944635274670973,-6.136772646451367,-7.460751477546706,-6.872083412015674,-6.173996964446562,-4.911992337147725,-3.161113149512687,-2.169471937493397,-2.1413411659272406,-2.7619997847960094,-2.9871658846440776,-3.0871074813450385,-4.693717160891094,-6.684241031123495,-8.156874672618873,-8.733314716897983,-8.646935200247782,-8.800163650173294,-10.282753480476854,-9.78955557296179,-9.341430370861627,-9.346654378566802,-9.232960919260902,-7.077988196140007,-3.169547267942584,-1.2755190443663385,-2.062478696823501,-3.909109798334487,-5.249408954667939,-6.1139006281833765,-7.878519901653734,-10.75085895074591,-11.88065160158414,-11.521983600146825,-9.995528469103284,-10.08192930008973,-9.59044280335424,-8.74554862371417,-7.656609943184064,-5.393364881411233,-2.4591662786704274,-1.3450572252804178,-1.3285176811155528
-6.424565899390334,-7.486865357581628,-7.365386653539002,-6.778578494560785,-5.6519470168289745,-4.490828724426926,-3.0996579479068105,-2.3746652219632844,-2.0348398778423946,-2.1436402306784212,-2.3640545312085592,-2.8639930128975544,-4.663882286780711,-7.130491996065683,-8.448253490236883,-8.96999144809376,-9.415819221570997,-9.49825995747183,-10.043982208919768,-11.952858158700428,-11.901076736555456,-11.31213947298453,-10.21274444607658,-7.571269599787232,-3.6544544110312254,-0.9824695699330354,-0.09746407418613166,-1.511569595301356,-3.6424144829139236,-5.87857961055867,-8.340004738878228,-10.582003880678382,-11.889948043702846,-10.916124211544398,-10.5832231100133,-11.183983719589957,-11.162909760384354,-9.865847605574531,-8.183157481614659,-5.872219126493169,-2.7882756256503534,-0.4042782226408963,-0.2796527954305091
-7.5110945914675895,-8.025727927615733,-7.212405193462842,-5.952377251284329,-4.298594563062611,-3.349583804901721,-3.1352852936514415,-2.624381002041528,-2.2592064645987953,-1.9001513991795849,-1.7638083861125449,-2.4727383836792196,-4.534588782335624,-6.71774830782202,-8.155541713393083,-8.995280766843814,-9.505738715563876,-10.645069626630187,-12.027334326260444,-12.731088941801731,-12.793973655800928,-10.370251332024088,-9.061723144737641,-7.956172311555945,-5.689571435313254,-2.3072133719219527,-0.6754279170212376,0.2716904142789464,-1.4655353931353174,-4.916942615481013,-8.67248288066718,-10.284318301394961,-9.851058051322571,-9.719439935223681,-9.966948257387367,-10.8450054924846,-11.157280032998028,-10.236944999037123,-7.9494445218350425,-5.213747453362742,-2.3870610284578997,-0.21085758470469662,0.2613140183154423
-7.394602752957666,-7.88633625417716,-7.482530805514023,-5.7344439777349985,-3.8178916362174915,-2.7515650169832737,-2.5823215626998772,-2.5753050432776354,-2.6306176589410977,-2.127115452005401,-1.5734463400559076,-2.4664072905471244,-5.046780147271065,-6.7117494158886215,-7.7295061670112,-8.66759132350573,-9.665210296868246,-10.21281500253865,-11.623968432113708,-13.114913260828667,-12.65599008404343,-10.70571924168123,-9.151499970963169,-8.398314941341281,-7.988488809295212,-5.3494422356328775,-1.870516631498956,0.5806482040478343,0.828012446595847,-2.906560106859236,-7.239506444298422,-8.920104518732746,-8.90058090945282,-9.263799263572945,-10.74412516255339,-10.74569535548629,-9.75781704636925,-9.052313073879244,-6.979684339153859,-4.522844985878463,-2.4888547772490446,-0.6853685906937161,0.20287454863504834
-5.797260190941705,-6.647993559102264,-6.512225625006419,-4.898728290799179,-3.3672417201197553,-2.53612059184489,-2.142368807081075,-2.129565653201591,-2.389943689293391,-2.2892128796011493,-1.9886754727616598,-3.0353422664171044,-5.597303893165163,-6.891591854748016,-7.561025669131034,-8.484508694648,-10.556078053028797,-12.05357181412331,-12.245642747702192,-13.10693327524795,-12.341641053857531,-11.049171378137025,-10.472632877370918,-9.451426516842773,-8.96017053971176,-7.682182529151991,-3.5134169380092786,0.29333338715135093,1.8054153935612611,-0.39697172877855247,-4.602122925551295,-7.073828120527819,-7.95652122099496,-8.646175369922803,-9.502069169437338,-9.522894805877666,-8.526151172494844,-7.929909557648002,-6.302743104711821,-4.474500066869315,-3.150767461116863,-1.5156382740383252,-0.2997503903164375
-3.3017909026112973,-3.1816054398933296,-3.9705548674271465,-3.651176117767788,-2.609518018967889,-2.0047834432741305,-1.8583368693082418,-1.7404150623842118,-1.6990171862004033,-1.937329604182742,-2.43845370324539,-3.7195854349949724,-5.860367829706052,-7.394871628940853,-8.39194321810405,-10.01867258883017,-11.522472038088125,-12.895955997464645,-12.074760791486034,-11.61305175011713,-11.797481530149714,-10.901363726930883,-10.345038993560378,-10.085504622140776,-9.50706325706208,-7.945534625165662,-4.664920938167391,-0.770899419337666,1.7844669700335853,1.2479603915395618,-1.9590480948949232,-5.038801887959279,-6.148115165292129,-6.9681537637456525,-6.855336538001856,-6.9005997005291,-7.130853532930176,-7.087381320133868,-6.253732011512842,-5.232243599348013,-3.970303682475952,-2.2741252823471534,-1.0717290841809
-4.093275108139133,-2.2660170604445415,-1.907720892581357,-1.7903953760906575,-1.406129922077125,-1.0630119880298818,-1.153486081977807,-1.2527901557387178,-1.0685931718969057,-1.3970277402692861,-2.6447673075171205,-4.29607852964731,-6.441498888700994,-8.549686990656133,-8.584482890386619,-9.492101992059808,-10.425385631415242,-11.047375233354435,-11.558153296460087,-10.775287867333589,-11.109928330775864,-11.814106219122898,-11.069233950109323,-10.752371779598526,-10.110713835010191,-7.6321277622098265,-4.542934066979196,-1.5683086999849758,0.8602326404657393,1.5814119913405598,-0.9295344036869547,-3.504429342401847,-4.7329373613888235,-5.131753342877292,-5.928638082772786,-6.495504206750188,-6.891379491914783,-6.987605961481987,-6.481020488656167,-6.379778666795949,-4.935349864249277,-2.8607950268874998,-1.7248996847949256
-4.6764711857735195,-2.8436094684988666,-1.3945546400050042,-0.042861865661257534,0.44896635996536594,0.08048430582827772,-0.1732029430282756,-0.39261399390701934,-0.398604622395405,-0.9241332180055079,-2.579855742656619,-4.827277481228455,-6.903805386702785,-8.853114899413805,-8.497485529392472,-8.946556064388766,-9.509355644460367,-10.11586773512998,-10.376193581515087,-10.969331642884402,-11.225228764067753,-11.374511660957959,-12.037889385122014,-11.30263848371021,-9.58834115026718,-7.116924470234344,-4.635706290707747,-2.153938448963922,0.14974963985078224,1.6226148489425158,-0.0987755329532241,-2.853916629282699,-3.3364467944329705,-3.938526051211675,-5.043999275635681,-6.214477164318932,-7.192911417046708,-7.701438180402043,-7.154407285534654,-7.110638461274319,-5.729257288246072,-3.560299346492276,-2.4478685348700613
