opendap2json/jsonWind/windD01.json
{"header": {"parameterUnit": "m.s-1", "parameterNumber": 3, "dx": 0.225913101929244, "dy": 0.1674781212439904, "parameterNumberName": "U-component_of_wind", "la1": 62.47987747192383, "la2": 27.644428253173828, "parameterCategory": 2, "nx": 229, "lo2": 34.8260498046875, "ny": 208, "refTime": "2018-09-26 01:00:00", "lo1": -16.908050537109375}, "data":
[rows 95 to 113 of 208, columns 0 to 41 of 229]
3.342037265158951,3.540649527604768,3.95207025803719,4.095821901598509,3.92482529944209,3.712278065630904,3.5468568313825424,3.4346422133271806,3.2901690429702266,3.125057987587214,3.0193422808867343,2.99961623221788,3.0537629792921948,2.8626103479741283,2.6083288163048737,2.377781131758047,2.1868663215363604,1.9810478964028748,1.7695630385593606,1.5530208713899292,1.3673990741182473,1.1892392603791453,1.01162433300594,0.8350987222673434,0.6748722840245005,0.5491630280347967,0.45838979131128854,0.3831102311149663,0.3180402227557468,0.2556552484322528,0.2025332875099358,0.17114018703743858,0.15570119835849033,0.1513000008750469,0.15776136628614812,0.18058436029599026,0.1974977485760548,0.16201482940877315,0.026375311181585266,-0.22463816148785215,-0.5305431198956846,-0.8118322201399183
3.024337254105464,3.4961814344313606,4.006919755022927,4.039392977425814,3.7342492501675597,3.4667536184621532,3.297358765283744,3.193299724398017,3.063673619908531,2.9214573871611837,2.89798450160758,2.8998567670917756,2.8564659324623576,2.6019916178998104,2.3546099542187684,2.142766514737445,1.9562399268141246,1.7446134737595536,1.5313977965750658,1.3295855358412707,1.1508287188717872,0.9803890993325661,0.8155712643611985,0.653300094021421,0.5009556465884283,0.3694338076991798,0.2568235358503495,0.1520006457191909,0.0598173229337335,-0.018760620224214614,-0.06504237137429963,-0.07955077187726821,-0.0746863465413938,-0.061326013666656465,-0.04479954098862375,-0.020863410670168052,-0.00022333668026992235,-0.01095848419352184,-0.09376388406701786,-0.2638102630554604,-0.5078192541067909,-0.7583561950334666
3.000677913417849,3.7590574579632294,4.2482295386227795,4.002281635432748,3.548109140198385,3.23319601573732,3.0828144456219495,2.974467770260795,2.8348861035776,2.6873646092726693,2.6111367261648937,2.5061411125179927,2.420813728936307,2.224671656160457,2.0637717584432282,1.9122791882345611,1.728476829740079,1.5044789529813638,1.2973574806550228,1.1113746839326266,0.9463122029112631,0.7805641857142028,0.6173171739325402,0.46043882050478674,0.31777297807293936,0.1900288298550235,0.06533905916892578,-0.05980212575406339,-0.1683175286521546,-0.2495313277546442,-0.28705819472111593,-0.28515667426124797,-0.2590922464164479,-0.2288976448575466,-0.2047802868852645,-0.18118954718081978,-0.15857644856310443,-0.1470508747942973,-0.17477579909132662,-0.2780199197724074,-0.46612812577809976,-0.691133953508649
3.266897270255801,4.067939596550557,4.2828317109838965,3.824569490771257,3.283463758088332,3.0220555314702766,2.916368293086584,2.7896731452119625,2.621435160290924,2.437895603637315,2.307017279303108,2.1657823028026937,2.0419805629646364,1.9092493165391673,1.8137133725386763,1.676374999345343,1.476201366336165,1.2668573368762115,1.0741571357422095,0.8987566518229754,0.7321579401942349,0.5634790998868313,0.4006583120095586,0.25079816579124675,0.11988643361417589,-0.0025158813109773265,-0.12315631705467046,-0.2428622154588528,-0.3491090278039397,-0.42653256879326584,-0.4558256372053692,-0.4424910549062815,-0.40097543397845464,-0.3556422750284022,-0.3215887932239447,-0.30122706023045936,-0.2853741708906287,-0.27293518669084094,-0.27964528623084933,-0.3296342654867291,-0.44909986617334713,-0.6218048806582701
3.6297166645956866,4.162257535443517,3.970345591106757,3.333065621514425,2.947081949715772,2.8513471591216852,2.81508074469133,2.6605339428868002,2.4361102262239362,2.2094268479660806,2.0642087924029537,1.9255899335950217,1.8455512020051072,1.745107327765798,1.6165121195234582,1.440997425072403,1.2438104533432137,1.0518213656544357,0.867632208626229,0.6903080741378876,0.5146681028520764,0.34366881249356884,0.17932848599834653,0.03294169027513481,-0.09119515331904028,-0.20216958003761662,-0.3089376372696013,-0.4130774810897828,-0.5027588413089028,-0.5651002053924956,-0.5818117736278893,-0.5540255268917478,-0.5017239062884138,-0.44713439124748605,-0.41330176589097384,-0.40618976192080136,-0.4109059266345239,-0.413649421928255,-0.4130110370904915,-0.4237761859064172,-0.46714084720882876,-0.5635069455242487
3.872783466328973,3.8715831010154256,3.2987024691890094,2.7274137848731073,2.633216783673914,2.746770587623705,2.7587273280967275,2.556653940542722,2.2914833018721783,2.0197823250438063,1.8605923650488845,1.7621977022844602,1.6849334734294896,1.5650574974416207,1.4007863783686216,1.2236752660236323,1.0419295149970107,0.8572710211299364,0.6729315013731169,0.4862566221100449,0.2989130131597411,0.1168678668021528,-0.054944133372386794,-0.19979570593435758,-0.3162447592499552,-0.41700293013992706,-0.5066223663067375,-0.585460231462494,-0.6521987824634465,-0.6937334461467833,-0.6980340869468563,-0.6683923190274158,-0.6193754163835465,-0.5748406146919773,-0.5505280141984229,-0.5497858694783461,-0.5636045873998219,-0.5802283267913027,-0.5802753215464731,-0.5678520978439819,-0.5594080239886914,-0.5691381844183002
3.663194141984242,3.165150389878161,2.4696579612989273,2.1603035704111533,2.3686324877099434,2.6463848448889546,2.6349009954094624,2.389483953219903,2.1234072606936043,1.882056897927954,1.7523494103417754,1.6247333048015355,1.5110044376429195,1.376870640242788,1.2103644319180211,1.0365706591050534,0.8585110300887159,0.6710560304699364,0.4790949891887055,0.2774917901113684,0.07069858140031243,-0.1343312719451665,-0.32139449343408844,-0.47736366188678714,-0.59155424475782,-0.6767519040751806,-0.7397220038886807,-0.7937321805514477,-0.8418304168582124,-0.8737455436230044,-0.8787739318980183,-0.858482190321342,-0.8225236840869388,-0.7863766734209806,-0.7626703247939198,-0.7572714514315316,-0.764678676023711,-0.7785049645323203,-0.7844599352470756,-0.7710907454437506,-0.7358947850599094,-0.685801314066748
2.9845990748812605,2.223609698735323,1.6151416264171399,1.6186877297011,2.16742807033259,2.4907025528369804,2.3786611877889814,2.0759891986266363,1.889783360447289,1.77169363919331,1.6586208296625642,1.520847430328237,1.3943792719992079,1.2481545158345757,1.061691127860696,0.8713056570810891,0.6792688355002546,0.48283415192338625,0.2765353190185036,0.053388174685653864,-0.17919072864720967,-0.41289426428762444,-0.6281038229021503,-0.7951868079706749,-0.9056181242794922,-0.9761655837108266,-1.0243698143130306,-1.063259533243194,-1.0999223907153153,-1.1279593382813613,-1.1369482314302255,-1.1277683595131978,-1.1034511770986883,-1.070233411046679,-1.0389231064928923,-1.0165641329003563,-1.004533779854516,-1.003580975258216,-1.0039963252278163,-1.0008505940007868,-0.975004798652626,-0.90980359725288
2.3323313727810295,1.520682974213981,1.164141934595651,1.3935811175989294,2.0484257140819593,2.3283092846486695,2.1202764938850893,1.81215106363667,1.7113942870226149,1.6654154788595141,1.5803727623808783,1.4524266545717213,1.3242274707460715,1.1590382448730296,0.9391142975152863,0.7175294546961503,0.5054452625730972,0.2908940927613321,0.06421913026353801,-0.18189995227737776,-0.4346870998511026,-0.691068814928755,-0.9213295857996355,-1.0921841771265166,-1.2070184952210579,-1.278959631717989,-1.3284022884662061,-1.3679126177348406,-1.4038801029084953,-1.430603853269445,-1.4454623334153582,-1.4425527398528772,-1.4230120161570905,-1.3886476777369565,-1.347588700487844,-1.306844588546331,-1.2733348513519125,-1.253514931034474,-1.2446240667714774,-1.235298492585317,-1.2140850046817107,-1.1709295242234474
2.1005777803315966,1.6138254738664326,1.4189103835360062,1.6165004657934299,2.2092028383223408,2.3352148424586066,1.977131880806244,1.6750705034915185,1.6275966567304347,1.6396166181691958,1.5549914850125193,1.4090978637168796,1.2738652443907483,1.076464641513123,0.8178455573210144,0.5697459368259415,0.32714804953513477,0.08967716312264212,-0.15218990939776383,-0.40707977348822155,-0.6639306389135269,-0.91714271319621,-1.1419597202180163,-1.314063409065528,-1.4449947340215576,-1.5416601387506823,-1.6119132719020859,-1.6654665525165968,-1.7117110703116292,-1.7450437088917434,-1.7648246709998858,-1.7665176264064222,-1.751627416702894,-1.715772382872833,-1.665615010150702,-1.605936313759419,-1.55052761177211,-1.5032368434054675,-1.4641955629727716,-1.4314103984672712,-1.3992867426011033,-1.360124109590311
2.023337536743472,1.8445564161895118,1.8807990835615978,2.1315706686193123,2.4614724367241445,2.329517494467229,1.8186249240542054,1.5041227804739377,1.5357828450249351,1.5810071683838824,1.500713732305015,1.3513095625004583,1.1870374217531845,0.9465503902977118,0.6636441410553628,0.39161131777055525,0.12841102560096285,-0.11895850687253003,-0.36511841046474836,-0.6146227764777756,-0.850582212531028,-1.0782501769233053,-1.286111220041924,-1.46421700157656,-1.6198920743031178,-1.7501880139164552,-1.8515086394453435,-1.9320983777137624,-1.9976908566152345,-2.0443285765512575,-2.075071903137656,-2.0825955452656975,-2.0684734636290596,-2.0258592883214113,-1.9605697847954915,-1.8788516019102361,-1.794840241953145,-1.7110661269679892,-1.640961154860117,-1.5856953481830025,-1.5493619136392207,-1.5216994808238418
1.6125644272782973,1.752261092558468,1.9221129807743436,2.2059838608982014,2.4947651872738947,2.1308948471642575,1.5478680581367619,1.2171583339238539,1.2671342838202948,1.3639723943988942,1.3223206076695249,1.159395622335333,0.9771084720532268,0.7391611442946712,0.47321235491502733,0.20703191209888597,-0.06089211360539297,-0.32582870252806806,-0.5809652994262078,-0.8220087433904816,-1.0427170807515105,-1.2465253212793608,-1.4325152001048087,-1.6076153954291552,-1.7864069318129163,-1.9391300404813268,-2.0675376351372163,-2.178806852013621,-2.2617317831935835,-2.3203517845828214,-2.356620407444901,-2.366428115725129,-2.3468182851005595,-2.2867418326657556,-2.1995999575181093,-2.0960863700989165,-1.9918689135704035,-1.8905096793947807,-1.8036300609256668,-1.7388209710485016,-1.7014938757860214,-1.6812653354184093
1.411209860535758,1.4723963595893375,1.5815570289051655,1.8781609074702026,2.124530750330801,1.7546604041443716,1.1798521636338661,0.8472233538425672,0.9062858601078081,1.016153891616381,0.9753131537924112,0.8206307078891271,0.6718571879089068,0.47287812960140924,0.2479304121120388,-0.0011044901292203196,-0.27678914366812596,-0.5515934486903061,-0.8209171831799987,-1.0823458003457749,-1.3057257221645517,-1.501546771393714,-1.6883489878967166,-1.8576901727595638,-2.0326024207374394,-2.1960965758154263,-2.3401094349312332,-2.4579978010991734,-2.5361044133032125,-2.5842080501057763,-2.613028092702699,-2.6077451221788697,-2.561162082481419,-2.4812991639476625,-2.3758987190599394,-2.2642512528542755,-2.153041722443958,-2.035804602372266,-1.931165827866146,-1.8523793664696633,-1.8044782402664297,-1.7914931158785428
1.852725908042447,1.7039404749646676,1.4801044741349978,1.511648884096009,1.6418152252214917,1.2233745938947254,0.7952020044483947,0.5695354076833044,0.6193254808514567,0.6543223605556606,0.5375298700040286,0.4020620691167233,0.301412435393224,0.10775731466447039,-0.10475266585985421,-0.3338179663041087,-0.5814599842456765,-0.8582152437438234,-1.1447989964343688,-1.4199940039193388,-1.6602132670952638,-1.8783970689391225,-2.0805722179860036,-2.261132290659051,-2.445292211435148,-2.609266620019782,-2.7421116972074366,-2.846258199264698,-2.9057249286770883,-2.9122130767133583,-2.9027427243065977,-2.8639053471141063,-2.8004566111792966,-2.6960830989740217,-2.5676711143472972,-2.4326825897557303,-2.2965088929076436,-2.1443930351661153,-1.9883263373081992,-1.8670697636631801,-1.7993416327124443,-1.7830055420962663
2.644806972381697,2.1922234150933093,1.8402937911924009,1.6842594498981873,1.4225035387666711,0.9783714109624162,0.6790676349657321,0.538091232121136,0.5556850262834524,0.4130485397950292,0.17063457704488114,0.011065217286468528,-0.13884134818811414,-0.3425148606710193,-0.5513278148564711,-0.7742795510029223,-1.0162274098972248,-1.2768385934449928,-1.543451364479761,-1.8152276492157662,-2.0684395292985363,-2.3165867646047174,-2.5632120904718154,-2.786171314112703,-2.989141838854544,-3.1508736665825414,-3.2732326812164225,-3.3556004996030273,-3.3821404458025763,-3.3681242671420955,-3.3510691356603353,-3.2943203557207603,-3.174987050375063,-3.023096431886871,-2.8631935099556207,-2.6997411250649788,-2.5178994671892023,-2.2916208294556517,-2.051487707407973,-1.8783999014564383,-1.7620331494909167,-1.7455487542286334
2.6202473595623013,2.3687154393232723,2.1915293674104475,1.9880581720201125,1.724049219125571,1.1947889412646653,0.8780260168381818,0.8164892130949022,0.6804147249259739,0.35004895094793875,-0.038678495680857454,-0.2937904701719301,-0.5249249837012169,-0.7448233675686711,-0.9729414862776892,-1.2114137145208586,-1.458578774978507,-1.7178944137362797,-1.9714929590128742,-2.241144131490161,-2.5224128596630493,-2.7963212182544512,-3.0593713047046664,-3.2900684261222213,-3.479724419842846,-3.622238819113988,-3.7293552132232435,-3.819800963053121,-3.881014214892572,-3.903912768337397,-3.872402111075661,-3.784225371469806,-3.63716023024626,-3.475710229258411,-3.322700397270976,-3.1644357324000567,-2.9732777704338287,-2.72759634574125,-2.4188430716200644,-1.9979475493032726,-1.5322666295947,-1.4633419525910238
2.054754622801385,1.9763371351503691,2.026564250968443,2.05414353391525,1.7445333210358382,1.2429821480089116,1.0581295281372949,0.996888806223047,0.7564884691831149,0.3918133913145193,-0.1037815857380377,-0.4836968748049445,-0.7884167114312222,-1.0490005674427891,-1.2795404528232792,-1.532898519494154,-1.8257527929975532,-2.1124838283629206,-2.3807819499935414,-2.6585468596403152,-2.9191364208915975,-3.155412766777359,-3.3717839979387625,-3.5704240529731175,-3.7536438240903545,-3.9209527486054228,-4.087269966512025,-4.226089711508781,-4.3225037138320594,-4.356868017266159,-4.341646890915119,-4.270452530174403,-4.144188334033029,-4.0108940179242785,-3.918490020677597,-3.8067606256042175,-3.626811954186901,-3.3025109635653496,-2.7047110404408037,-1.7809222801956253,-0.7480554386982147,-0.7526825250100243
1.6886651591976118,1.77087910889512,1.9065502489568729,1.7137733403979047,1.3552580307838755,0.9534676967847828,0.6210946117130973,0.6035959498981254,0.5923400038100506,0.33881931112907737,-0.1453339427794518,-0.5829596197888355,-0.9661078449731895,-1.2592601826517773,-1.5093670131074246,-1.7877953006883778,-2.0816943509661376,-2.3651636931032,-2.5995270627209743,-2.825221851496087,-3.082802405264588,-3.3256407691579297,-3.5704451227786467,-3.810230239981742,-4.047662857522889,-4.288157170818988,-4.513892709866902,-4.694824418344331,-4.821995699050407,-4.876793343912883,-4.8618975747105715,-4.790470341926532,-4.68752445730099,-4.596025325707325,-4.4807856347087265,-4.257041143675747,-3.9042079690814497,-3.269831733911036,-2.222756628844353,-0.9650634829116889,-0.25908493940154104,-0.44869765001942336
1.9414893475853594,1.9814145656757385,1.8989211171492761,1.5583742116455044,1.1525459454454037,0.5676410315259722,0.15689061037658644,0.18135668293322502,0.15426916533916826,0.04647373743900683,-0.36695610544182716,-0.8007414866900335,-1.1072915699279238,-1.406489846478187,-1.6833741307952221,-1.9316837187348037,-2.2107396415275917,-2.457221245340548,-2.704511900973848,-3.012391458703803,-3.350696180179501,-3.667864728310616,-3.9451902244945534,-4.242195146759948,-4.562904254322111,-4.8761663287955574,-5.116274757210792,-5.289250612639958,-5.384433025105754,-5.4039672399118635,-5.373511286157863,-5.302142845487214,-5.203035288458644,-4.99613310762863,-4.5414347330775975,-3.831218723870249,-2.9270294818767586,-1.7900772858377847,-0.6762045535766184,-0.2764387265247474,-0.5516895700240623,-1.013175581524174
