opendap2json/jsonWind/wind.json
{"header": {"productDefinitionTemplate": 0, "surface1Type": 103, "productStatus": 0, "disciplineName": "Meteorological products", "subDivisions": 0, "winds": "true", "parameterNumberName": "U-component_of_wind", "discipline": 0, "surface2Value": 0.0, "significanceOfRTName": "Start of forecast", "surface2TypeName": "Missing", "surface2Type": 255, "productTypeName": "Forecast products", "dx": 0.25, "dy": 0.25, "numberPoints": 47632, "productStatusName": "Operational products", "gribEdition": 2, "parameterUnit": "m.s-1", "forecastTime": 0, "refTime": "2018-09-09 02:00:00", "productType": 1, "genProcessTypeName": "Forecast", "scanMode": 0, "genProcessType": 2, "gribLength": 76420, "significanceOfRT": 1, "productDefinitionTemplateName": "Analysis/forecast at horizontal level/layer at a point in time", "centerName": "US National Weather Service - NCEP(WMC)", "la1": 34.8260498046875, "la2": -16.908050537109375, "lo2": 62.47987747192383, "gridUnits": "degrees", "surface1Value": 10.0, "shapeName": "Earth spherical with radius of 6,371,229.0 m", "surface1TypeName": "Specified height level above ground", "nx": 229, "ny": 208, "lo1": 27.644428253173828, "basicAngle": 0, "gridDefinitionTemplate": 0, "shape": 6, "parameterNumber": 2, "subcenter": 0, "parameterCategoryName": "Momentum", "parameterCategory": 2, "center": 7, "gridDefinitionTemplateName": "Latitude_Longitude", "resolution": 48}, "data":
[rows 114 to 132 of 208, columns 172 to 214 of 229]
-0.15229365092421115,-0.18631173767505857,0.7832856402554604,2.668102778587921,3.83457000414364,4.28932586877319,4.095409596456776,4.020619728220535,2.8384457412318036,2.1647300182139833,2.339255236358222,1.253440026020618,0.258505754821125,1.187657250880292,2.6746767464713708,2.1460835265273293,1.931900885292813,2.267212896675428,2.688174871454728,3.3017564552633756,3.1062067794403805,2.677369366097332,2.5307788250208465,2.5779365592355017,3.077613701024965,2.9128970999680583,2.5333502138065205,2.1087900540688174,1.6909809936782678,1.6383306026818052,1.924684917702509,2.1813952632077567,2.235719507495105,2.2787906865124485,2.2961647792857365,2.3235676357889696,2.4098887459141776,2.456465019829294,2.249240475581872,2.366295882365424,2.6685773923503793,2.776868490790019,2.4490614683105827
-0.1516553924856651,-0.08080132872966451,1.5545760996961235,2.845528044717758,3.868271745552396,3.9926938123998634,3.526341989005483,3.5153790308069874,2.6765812094730963,2.4485732473048656,2.4762754395738424,1.3273005981699253,0.328409105118135,1.832693302756983,2.554880844345668,2.1754285794746173,2.3557669706179474,2.456676168478152,2.6691721743475227,2.9923322702594857,2.877685034433026,2.830065425475169,2.7105245166576473,2.890018844936924,3.1844887698150655,2.876598132146429,2.351038811621617,2.0018511300334674,1.8510478023139432,1.7833598485281519,1.936977561817808,2.056059518676158,1.963566963244524,1.927514790968264,1.9856561684609018,2.138975168205322,2.367908409342022,2.3700074696321276,2.282896737361093,2.4534038967078726,2.517350845814018,2.4700328373411113,2.4458252763667163
-0.05975805407559505,0.5834227232019048,1.8371684494617817,2.647550531955014,3.4403560547741083,3.406360649810492,3.2475953845709307,2.9473836531548954,2.2436959454847343,2.0126181366999507,1.5653405434944054,0.3444660218191586,0.32808436793735773,1.9475663898043822,2.837099207219692,2.8457443360517654,2.8089930448279086,2.7286903450054703,2.8526418005110203,3.1262158017623958,3.041254412903909,3.1143847982025052,3.0449857488269076,2.969285953676978,2.955811831191739,2.4955905982760305,1.8683776438810231,1.9342269676073962,1.9420670514989324,1.7603678048150042,1.8659940470404017,1.8708510624497448,1.5345497787723963,1.548274412587343,1.8022258801610591,2.0168010387052324,2.209097464293739,2.1393315932539916,1.9914562771185618,2.0440510991376106,2.1796246711639164,2.1830765723214154,2.0986596871708594
-0.16544110723525518,0.4300749563932736,1.540251472182812,2.2176927894894334,2.6716969678101288,2.7961553892432383,2.899225470032908,2.115286200479958,0.8788221592813206,0.31742989010586936,-0.09762130614261744,-0.18228067915486443,0.7404245335852996,2.2937085789833698,2.7450253121398758,3.1223946678707786,3.1937136336065706,3.1491632371259217,3.3983700808352975,3.5962179777784034,3.4281894673381377,3.318695840259317,3.052534508359939,2.7408057274736377,2.492590665970032,1.9288478140224636,1.3307818763709165,1.4726014336756656,1.410584247689168,1.5306600204593543,1.7170291654003134,1.5581923923494059,1.1614424377760415,1.2856732734664553,1.7317866264201989,1.8427480785586705,1.867169337436001,1.684898895015544,1.548970273538241,1.5874741642742585,1.6948261616975517,1.6714491827463642,1.544570704185283
-0.06050306124100468,0.4955017060561783,0.881495144390582,1.2842799948895873,1.7763990311387914,2.289505105488457,2.3261434187674292,0.6882413561104171,-0.42921755146967455,-0.9172480051447411,-0.7024380583956984,0.25429642000709757,1.4487937359438194,2.537701988654622,2.8030711665566996,3.1061706650138072,3.0417243102969733,3.2231897748924907,3.5722734741418103,3.891088757185577,3.5764557253395926,3.1708362391380485,2.7865450622912906,2.4017612841696243,1.9876562074263453,1.366139622059274,0.856316041648785,0.8407188579611473,1.0486681618244855,1.3193536063083502,1.4219096294004778,1.2194301306566826,0.9590492892277309,1.1891550562508715,1.5645856684531143,1.5753813528481597,1.3917044230047149,1.11949080953558,1.0076095887642416,0.9924370971202088,1.07371163152102,1.1456596457405015,1.051580838049297
0.3085331421837709,0.5638643549168871,0.4574598597989935,0.5874623386144517,0.9504538659272396,1.7894488960668398,1.0560194028419267,-0.32750412726060096,-0.9370133342962919,-1.4280185768983187,-1.2052847811649023,-0.003932287258644543,1.5403768785667662,2.9406662467202085,3.0892019060195395,3.0426523725055308,2.9964972290768355,3.2001978428829836,3.512136454887266,3.669656779241666,3.225645304217185,2.689492672868982,2.30779433902965,1.8810867133434586,1.259618842411324,0.6777467724429959,0.4502120389540266,0.6034149720263539,0.9608905782558499,1.122186061661489,1.152531189066266,1.0392521055583486,0.9995452520024886,1.1369969442757402,1.3059785796554149,1.1402244940608535,0.792006744367964,0.5497755494418157,0.42267786048101796,0.4539707074857247,0.634959523453601,0.7752710456952592,0.5530605653224246
0.3881855818898642,0.47737545684970945,0.15250603732817652,-0.19373479615263928,-0.7228393002963706,-0.6299428635540607,-1.2278900840499516,-0.11124611955760076,-0.9998915777425705,-1.6011037734263638,-1.1122805995617606,0.25124714505828444,1.9118461750042366,2.9557022760848453,3.1957880460551067,3.308447561797591,3.349515554715166,3.4268506235468585,3.420399545939742,3.1983191091306002,2.5846989841986883,2.0842958122025035,1.7010554568834402,1.1411294509428622,0.4857849289021648,0.21602529813322222,0.42262001560728074,0.6981316393575207,0.8320371561077354,0.8222562009155427,0.8414459197444918,0.9055184128491212,1.0244451398427226,1.0664756682888537,0.9031506011312593,0.5146752427089257,0.14534314883819677,0.007160013114302904,-0.07060792695428152,0.17361311170843732,0.44656118513189663,0.45991186961342256,0.12923294982000724
0.10884230123527085,0.08144806514462677,-0.29523080367993926,-1.065506027165862,-2.323234008778101,-2.741548516239728,-2.6416785727310303,-1.2042691702083466,-1.6908824936897058,-0.8456334096382773,0.06461355103773023,1.347475859989178,2.4123134563488913,2.9453698910403725,3.4467431322161213,3.7565290588382303,3.860036899441681,3.7673116158300486,3.262743349682337,2.573636672730303,1.9027887630247995,1.4543211262313025,1.0326554247990352,0.4620070892352596,0.05186979540476853,0.23119921212503267,0.6056061964524732,0.7137792232667399,0.5382719762946709,0.3893317590860705,0.47194059272802136,0.7256026589180156,0.8481024656552533,0.6569826100032009,0.2182117870173294,-0.2778055547486317,-0.4701143506171238,-0.4314331592831204,-0.22702816909980586,0.12752101654584447,0.31365827397362767,0.18399048055791234,-0.14473734279588182
-0.00247788854043832,-0.36368240131148377,-1.0191615774660112,-1.60804395534074,-2.293834838919437,-2.524816534162174,-2.7285435402059734,-2.1942877078532517,-1.6809347167792192,-0.33634281822521406,0.7379424836025966,2.1231971415516346,2.589447772674936,3.033847795354312,3.723028881303589,3.9194926638981857,3.8257388343097873,3.318598498872066,2.574127037206222,1.867002580478642,1.2835776401002335,0.8807077641784905,0.4709460841816291,0.1543719201365302,0.11755534069194576,0.4380350358411106,0.6359734241283974,0.4662382076570244,0.112170348149282,-0.027547510498367466,0.1538798769408282,0.38059389993123965,0.26768238408724815,-0.16857686537596606,-0.7010102099023626,-1.105003414991985,-0.9963016900028626,-0.5195189308756825,-0.04043411732510397,0.2447937603588105,0.23031819989461838,-0.005063215493808323,-0.24033182824554825
0.1751184943668867,-0.6704522287077536,-1.4095236278194356,-1.6191133736651586,-1.6116110574906752,-1.6070454593541685,-1.6851567379161083,-1.295893257624997,-0.7953518465411592,0.1491389483191756,1.614639405701078,2.7429046762137625,2.9638980263823016,3.3408534647415893,3.533605810278625,3.4215072804385716,3.0230376205039677,2.352217347876062,1.7462729791908163,1.3052866689490834,0.8136586287235679,0.40928358976235146,0.1621671105653812,0.12707585639208302,0.23330304075863656,0.3621057803093417,0.36058067927455284,0.036500143223549775,-0.4054419006546339,-0.48393319082244535,-0.33555338437706883,-0.3507293745661023,-0.6221807401581319,-1.1255064499760707,-1.5764664337823202,-1.6717279083492618,-1.0369842661662374,-0.15456086599954277,0.38278274043005556,0.4261166942087774,0.17352357513225233,-0.12043540308596351,-0.24549776704647336
0.18682485114335984,-0.7953282452366432,-1.3855515032235421,-1.390654776488011,-1.2953286674232078,-1.2953911416300512,-1.2467913368012005,-0.9317721676884843,0.1522774356438609,1.4299014640434187,2.6879064412675215,3.2198464345555715,3.4009265434411384,3.4089755279351586,3.07214887605977,2.5899264981301666,2.005264080112118,1.4600857680842771,1.1083522298449489,0.8179759624347435,0.3933814742368613,0.09833383942368101,0.061867020246664975,0.05850919348586673,0.008107575156704162,-0.047630043742902195,-0.18275024383855767,-0.5969039640052778,-0.9988626717138858,-1.0304085692906548,-0.9218372748656295,-0.9892193243935506,-1.2263534470739672,-1.7778009188108854,-2.1615204029657087,-1.743905698077946,-0.6099066272318895,0.42992574838289294,0.7912576316264222,0.5481991903963636,0.06045371935409539,-0.32166058207744275,-0.3960612481553386
-0.18167348440404982,-1.1108542532803158,-1.4997513995978209,-1.5114019082811772,-1.5829831489262158,-1.6310563354611796,-1.2879216405346323,-0.38436296037014966,1.0434411929579666,2.1560462891243493,2.8484274293789444,3.2298724207361493,3.3291831969461505,2.984626562453878,2.3177699296309324,1.6997214564383443,1.199364941555503,0.8316813844581779,0.5374127597382201,0.25926540498528733,-0.07136366596472782,-0.265917111210425,-0.2764677409752727,-0.37152904629470423,-0.5699722250403401,-0.6949968095000211,-0.9638636749227031,-1.3801387032297108,-1.6269531800107917,-1.5215192030656102,-1.3632130895425858,-1.3394380806749326,-1.7323215192776757,-2.3335871978061684,-2.3669422189942715,-1.354539364798307,0.05629992075496614,0.956135452990178,1.0194580568058296,0.47661180761423183,-0.19334961652331856,-0.6814536969567744,-0.6923486138885857
-0.8330744608092182,-1.5352326763909838,-1.6785854594550587,-1.608850518139178,-1.5435337548850232,-1.2620366197795627,-0.5042938726734507,0.6741667507199843,1.7016848674604867,2.5100531478048995,2.69751241915064,2.7719423197166306,2.4494730198431736,2.0295845417544114,1.4387150481835604,0.8956768236876258,0.5534212516809361,0.27634431994773934,-0.035381255952946736,-0.3239005872691342,-0.6140544483107621,-0.8495059031054587,-0.9739249284517439,-1.154975330933662,-1.318096907280954,-1.4763416045348374,-1.7810856290595753,-2.0726262791014576,-2.0600526610326786,-1.8314025403900622,-1.728624598658747,-1.8817948983006327,-2.398393580458338,-2.69333379710122,-2.064762693043959,-0.6627214862120312,0.6511585925707786,1.1805090006030514,0.8495839575780745,0.08883718609032006,-0.603702390276595,-0.9758009236555844,-0.9370494322257159
-1.3903503416037937,-1.7670617477290997,-1.6861294033792043,-1.5791226249001695,-1.2676404297926078,-0.6859965640584701,0.2808517556662747,1.3784374083164923,2.2018149726903724,2.692142734067885,2.360852621104473,1.979759341247725,1.5926219749054173,1.191969345781163,0.6580877015403221,0.16790917748627812,-0.0849074421480049,-0.29092773158997653,-0.5778498595429111,-0.8729206827254994,-1.2178610937384573,-1.5959793658151067,-1.8286144610331534,-1.9517864408763566,-1.9989758471207528,-2.0818741208387417,-2.2431206997284114,-2.336778225013008,-2.2462015488012783,-2.1105245226586096,-2.2224336157082276,-2.5318387500070485,-2.793030949761196,-2.4923769284475914,-1.4050364545483485,-0.020167175072089722,0.8595409393464526,0.8331303008311649,0.19609464855958433,-0.5134397043156996,-0.9314759364825997,-1.0470901605115028,-0.8798484568123869
-1.467076941668814,-1.635959023543606,-1.4968161270277187,-1.2633006291722075,-0.5931948911439294,0.3744897711218853,1.480567526913752,2.2452493353950596,2.5167275096408748,2.1242893019441538,1.5800514944733166,1.1643776615338342,0.8307718804446271,0.38457823029868166,-0.13913321921589195,-0.5696677612073271,-0.7558797653161128,-0.8605771514135933,-1.0818338445371145,-1.42697936509858,-1.843730163698088,-2.2599195450831187,-2.433941513883892,-2.5466101778391375,-2.5079436660781296,-2.4883037000637396,-2.484996970674511,-2.458631330359642,-2.415740656845635,-2.5499140416260997,-2.7798412493397167,-2.917559301954184,-2.744135066679394,-2.0226949162365506,-0.8675316097664365,0.12642450144213296,0.42492193481934665,0.034841364978656815,-0.5735792840039671,-0.9113029301453209,-0.9523023990330459,-0.8025769569159343,-0.5978970081351065
-1.1175734022215646,-1.2264595516911079,-0.9344577380080447,-0.18326032254576652,0.6643909114476716,1.5242989763929236,2.3031719310149237,2.3077051880995842,1.9210174396337036,1.2558641722452712,0.758681790636349,0.29358372016068734,-0.07643598477593833,-0.5292219392437917,-0.9982178761488606,-1.3147737730430917,-1.3608365756584508,-1.384008517317632,-1.5955470170107908,-2.014733995529876,-2.471892894119733,-2.836393562053681,-3.0426964629286113,-3.091390115545459,-2.9765277872211,-2.8823724154492196,-2.727806081505924,-2.66144385782539,-2.7273509053265697,-2.9372594633978832,-3.028204508283541,-2.9288549731705578,-2.544527952826764,-1.8125416609588245,-0.9268842708941534,-0.41855647271033974,-0.4772733052264336,-0.753996688736289,-0.9117674058310973,-0.8623424558266027,-0.6839858869336682,-0.4265694400846314,-0.20583908442955648
-0.5443388867083389,-0.6775615167264354,-0.3125886743490825,0.4257775982888997,0.8662323404415105,1.2657874745328908,1.3551238130709615,1.0835359120529624,0.7837841653017533,0.43871133919891553,0.12676818510651164,-0.40383513076140587,-0.898712672894062,-1.4282055342117221,-1.7932541859104083,-1.939040059340419,-1.9091369882557507,-1.9137059758059445,-2.141931951263646,-2.5611051017941016,-3.0551522843351253,-3.458114503435281,-3.6590768791937727,-3.605677910719278,-3.4374927117247447,-3.217729236089354,-3.0467231233545755,-3.0532565855582816,-3.1502741487347428,-3.2359085544993267,-3.201244325485003,-3.019978646062088,-2.649947796980157,-2.0641822419734566,-1.4921961314102732,-1.1976190951879426,-1.1117104653644596,-0.9049305898527323,-0.6122117555450897,-0.39647095668178517,-0.21194111771261376,-0.01636250201240526,0.14848333233058256
-0.12075445437497732,-0.24589090963296667,0.03340330966759542,0.2738777257525957,0.3445528807954257,0.26722759228323084,0.0350897278913646,-0.12400054760787124,-0.09149191355886423,-0.1442377030732253,-0.4096762255275537,-1.0253002774587456,-1.5653063594171885,-2.0139327445105155,-2.2931290088078975,-2.398183350918659,-2.3884994989251935,-2.4314379823606034,-2.680628595065744,-3.100617414566317,-3.5914893817192026,-3.932294244108363,-4.096047581774485,-4.0022041777233595,-3.797847947464173,-3.573830717537532,-3.5241976668534596,-3.5245129347209443,-3.558814137400272,-3.575887905026183,-3.5150448180802827,-3.36374065157442,-2.9783992927429868,-2.4903481666856586,-2.0635565388165666,-1.7135445377337162,-1.2215590369470408,-0.5666173038336741,0.06181582306418889,0.4031978970492241,0.4423909841835387,0.39578558704662475,0.3796465560642372
-0.19123938959132053,-0.08708095948454973,0.12624637485072912,-0.0005531337650561034,-0.30294260235799514,-0.6604169277556078,-0.8082250677541084,-0.6598139153249196,-0.5646126265990321,-0.7489160965713566,-1.1434106649980122,-1.596642011407195,-1.997874812973858,-2.3280570659635664,-2.550370136049314,-2.6217760878715946,-2.705435460911163,-2.8754619851039047,-3.1820283264983167,-3.589523781091357,-4.01734510552366,-4.265066511221835,-4.311748796157331,-4.10095988615942,-3.9430157144426845,-3.852813811330693,-3.854942923909475,-3.876984829426605,-3.9006371487155898,-3.9847196070582838,-3.9424974982793435,-3.694726677783095,-3.2314304829270015,-2.743213725975018,-2.22111119100955,-1.6669881165482465,-0.8466574025974282,0.23322025322730564,1.1748057926894342,1.6095846196371009,1.364362180159187,0.8615735176026426,0.3972384905909454
