opendap2json/jsonWind/wind.json
{"header": {"productDefinitionTemplate": 0, "surface1Type": 103, "productStatus": 0, "disciplineName": "Meteorological products", "subDivisions": 0, "winds": "true", "parameterNumberName": "U-component_of_wind", "discipline": 0, "surface2Value": 0.0, "significanceOfRTName": "Start of forecast", "surface2TypeName": "Missing", "surface2Type": 255, "productTypeName": "Forecast products", "dx": 0.25, "dy": 0.25, "numberPoints": 47632, "productStatusName": "Operational products", "gribEdition": 2, "parameterUnit": "m.s-1", "forecastTime": 0, "refTime": "2018-09-09 02:00:00", "productType": 1, "genProcessTypeName": "Forecast", "scanMode": 0, "genProcessType": 2, "gribLength": 76420, "significanceOfRT": 1, "productDefinitionTemplateName": "Analysis/forecast at horizontal level/layer at a point in time", "centerName": "US National Weather Service - NCEP(WMC)", "la1": 34.8260498046875, "la2": -16.908050537109375, "lo2": 62.47987747192383, "gridUnits": "degrees", "surface1Value": 10.0, "shapeName": "Earth spherical with radius of 6,371,229.0 m", "surface1TypeName": "Specified height level above ground", "nx": 229, "ny": 208, "lo1": 27.644428253173828, "basicAngle": 0, "gridDefinitionTemplate": 0, "shape": 6, "parameterNumber": 3, "subcenter": 0, "parameterCategoryName": "Momentum", "parameterCategory": 2, "center": 7, "gridDefinitionTemplateName": "Latitude_Longitude", "resolution": 48}, "data":
[rows 57 to 75 of 208, columns 86 to 128 of 229]
1.4373494340612827,0.9663429253964794,0.6038964934530465,0.43871735107748866,0.4308769194028113,0.6313320758638565,0.2753515353967077,0.7341810935162975,1.6808036064183658,1.8641544654627387,1.1382689597091706,0.07458439648776176,0.2729703732743317,0.04518051895462441,-0.37867678451215336,-0.05324623974099978,0.8272548628007826,1.6069416078463858,1.1279740374158864,0.7848628374415166,0.2922104096030584,0.20222826585224152,0.49053541725673583,0.7263693104611079,0.6152997014272452,0.4322357675799125,0.652845601401846,0.7287401873260351,1.2747999940296928,1.9009643805218925,2.721384062683849,2.16015726099459,1.387683569196461,0.7531207123437913,-0.14518355102285468,-1.241537350280916,-2.3184813760702023,-3.3010971962107636,-3.8378902601036566,-3.9216807864351626,-4.047132857558352,-4.842688127116019,-5.060244851938037
1.7472346301293213,1.3774669525547842,0.937066566195559,0.7449531017852489,0.7077433914749904,0.8846011264800341,1.5888217480322866,1.8047585214501667,1.7511099165599087,1.8177864901381042,1.4398273328036375,1.0153550697405775,0.9370741717131738,0.5663484784344585,0.29783790420527795,0.3936755716547556,0.8867462635113725,1.2090301844447306,1.0927573011344807,0.8737772357729713,-0.005800582940373676,-0.20161395172648996,0.06551325742337158,0.18386631119195904,0.42229523245596595,0.7953865683184352,1.1926864014833458,1.6935364849051027,1.8345183376723515,2.1715326725594766,2.5886084459655883,2.1094667301265684,1.3766147159707578,0.44961666636285225,-0.6155660286998715,-1.391120499677774,-2.13085410822684,-2.7298398445812326,-3.1859096546378862,-3.625390995715236,-3.800727363146031,-4.193751085476199,-4.803108773607274
1.8807089462524942,1.5247062989920834,1.098353626090947,0.8984053162177957,0.9030796158061789,0.9945781365701086,1.438891442771513,1.785109275071343,1.7795605756448762,1.6949234150089674,1.5756398949426527,1.3308386448494705,1.1541555172637732,1.142193409496581,0.9374766751147658,0.8624942029729022,1.0996748880019438,0.9333588914304576,0.7320241013352556,0.5342520967578317,0.4115745180812586,-0.37314465313035056,-0.050273225257882435,0.32271168196873246,0.8122276987154539,1.300184445593021,1.693181473452536,2.024981914562205,2.373997337666764,2.286226471702608,2.1705648767293493,1.8258228477565872,1.1206823905891976,0.25845732671807903,-0.5557639551637716,-1.19787451627308,-1.604336044025601,-2.010736068019238,-2.691683435047429,-3.2809634761397684,-3.6218775700115846,-3.753974090231547,-4.373309435598851
1.9847223529363152,1.638088343551069,1.3398147594783798,1.134573730742832,1.183354118001413,1.203634694555332,1.3211882447998613,1.593760577052919,1.7083960973947268,1.5924776114799153,1.6008227235658141,1.5196264734296607,1.3341986887332902,1.4294827550620055,1.3442126307290336,1.1504556948171665,1.2309105363724206,0.9286345822572593,0.27115747067658097,-0.002847358447463198,0.28396380910552155,0.1710025204137194,-0.2605904878551508,0.3023331672380165,1.0380181012524772,1.4926708129917594,1.8647881717845949,2.0163152520565015,1.9941789528588536,1.854015522070404,1.7438927078443223,1.327392204405645,0.6901470767528506,0.055390320780627125,-0.5369866540100443,-1.3057231013188837,-1.7439623528543025,-2.1156738127910355,-2.5879680650569377,-3.01737390176648,-3.523620668120295,-3.67636729292096,-3.9699974173224604
1.944463677243812,1.6575588132941304,1.438961802735727,1.2460263062400145,1.1603964840080936,1.2313700185088432,1.3892917441415074,1.624289830641452,1.7825465725644154,1.7190404443819132,1.6945921159100552,1.710054067256028,1.6146608897321,1.4939476315043738,1.4922072451021455,1.3187155848932473,1.2111659856617045,1.067139898095283,0.09632118580324754,-0.017224049520124064,0.15049059630887446,0.48294784884966235,0.4421946941541487,0.3482483211932764,0.5568648422915038,0.9437472788725825,1.3870096527756974,1.639862893293075,1.5939170567136591,1.460166484423721,1.0310011628227727,0.4127566796376622,-0.17712363315628948,-0.6561302047753942,-1.182621991466156,-1.7642466861716046,-2.156436432607018,-2.392476823528844,-2.4981288026673516,-2.7425972755275225,-3.312625527502212,-3.5821110726944636,-3.4467146065051346
1.9190913752467131,1.6737776198478835,1.4677366822033877,1.2786987370333291,1.13259825334595,1.2099631889674087,1.448701828235112,1.73863735228217,1.8702704371522212,1.9577390930923082,1.9670240831713601,1.9435403193596796,1.8179062547917215,1.6237436087734718,1.596160792634921,1.6152884292174354,1.154137479514774,0.9414950357883026,0.6688693661165461,0.27923812163911993,0.6717828260991984,0.7835583931559589,0.6620491281738801,0.28542274611925267,0.14961704601574224,0.3284402811631084,0.49002813875355855,0.6359712440460885,0.5152295233520455,0.054218998096585425,-0.38958558133541676,-0.7842168747313571,-1.0695095066800173,-1.4207408641972767,-2.0129772742577297,-2.1591037048277433,-2.3408998766838005,-2.3969435212713663,-2.4863266190463293,-2.788156675665072,-2.945483000278913,-2.900207720257566,-3.0576283884942628
2.005027044406549,1.8101498309749107,1.6039029011632853,1.44363704611973,1.3627590029426868,1.4549606347287312,1.565435644461956,1.6932074860750366,1.7088549988496888,1.991901555637423,2.094055014811128,2.0674474260553426,1.9991876399052897,1.9280081002640297,1.9248253910084345,1.8417372806237668,1.6237024211366489,1.4386017705284542,1.6954980463117995,1.2936859456227718,1.2778801651878942,1.374050778135276,1.0549315200368503,0.5077290969868671,0.2134863260930297,0.2304332665062428,0.29722723132248735,0.13815665694563917,-0.10668773112067158,-0.49907865594682554,-0.8147493989407397,-0.9434581595309048,-1.0620799057918102,-1.4822120348970294,-1.5662373453055412,-1.8649968629105829,-2.025488273199588,-2.144432735832334,-2.4926094425330905,-2.7811771750050642,-2.577444945503885,-2.5358362606033924,-2.8279657869375483
2.0532201731058195,1.984398100989549,1.8746245999383848,1.8050023890627303,1.7945080479537643,1.835234209426063,1.5402295501260372,1.3573042554171022,1.4150175035520665,1.6514767764479128,1.7793354587545307,1.8284028965440198,1.8301689784710646,1.8605913911853276,1.8943927200141768,2.132145189132864,2.4591913252203685,2.458111347283214,2.8174003473867253,2.6276250121620066,1.8730558909879558,1.733556659960461,1.5481375773914468,0.9229519989875723,0.26880636609270714,0.06963426987796957,0.02291685013168155,-0.043509429052044774,-0.234177119416215,-0.4405626215459263,-0.646138232937208,-0.8211550996557502,-1.0444982168407955,-1.0464463529909804,-1.0614619074851563,-1.539584555271504,-1.7333197202546862,-2.2066140078510226,-2.627123863699051,-2.6529163291624953,-2.506695582823976,-2.685857900901445,-2.763179262644275
1.8640234015702362,1.973935962657841,2.027179476339798,2.057421217125781,2.010794751007763,1.632522126640899,1.4580928521372685,1.2630400023378314,1.3647120352287239,1.4220699890663049,1.4170040882865167,1.2967290735595487,1.2772310190543144,1.3257796386969893,1.3685378400850936,1.7185838102962976,2.5262223514151203,3.2908229891033116,3.488909178362516,3.6622847419772957,2.6158786676086976,1.8192311002443167,1.7777494147204582,1.272935935011215,0.13913143565370875,-0.235316682799413,-0.6234723872521558,-1.1068251731211325,-1.277831737043416,-1.3745856796668072,-1.591826448961472,-1.6352479441533014,-1.4250914316054155,-1.365826527757541,-1.8045102355455842,-1.8117636871576233,-2.1774685519788473,-2.589051397415903,-2.6819280269083507,-2.5769088236559985,-2.7836220025184772,-3.0208997141293,-2.6529871843640196
1.4464756603600541,1.6761943603217502,1.8268415407440748,1.8613727237286704,1.723461471737078,1.2905737513247382,1.1808964680843574,1.2239644641878298,1.4206511426496502,1.3164690889775177,1.2186185170772694,1.018764999749521,0.8118148192028672,0.7664409693131702,0.8468198037049729,0.8924151228195167,1.3435444738817717,2.578617318534009,3.4993201880112905,3.755544537687705,3.6270033112550206,2.314551656996148,1.8338152143591735,1.761062629570228,0.741616865276114,0.20112552878746068,-0.32977044127685534,-1.7529534937938553,-2.6630479199750936,-2.531018416008181,-2.4688109398553206,-2.442095840142455,-2.1943512687185267,-2.6140210395805563,-2.627448663675599,-2.6259376888793904,-2.711381469794046,-2.690021073204123,-2.626095848306506,-2.803507894753833,-3.0903099909319978,-2.8659717502993165,-2.5970304161543263
1.1772745441021342,1.294869244176029,1.3404765843080424,1.2599153642182097,1.0618826683781257,0.9040972825674936,1.0194613717878014,1.19305624180898,1.1980906216781946,1.1420946495204634,1.059561751121671,1.011712759032357,0.9035592684359859,0.8061230508676938,0.7516065770274708,0.5903638523027153,0.4492584095493014,1.5750578741207368,2.8992390781804165,3.182187327735192,3.154327351891547,3.120628898324954,2.3612746402984266,2.352567397310887,1.8152869663087958,0.14677113604312475,-0.013047558195198858,-0.9752169480498326,-2.3725733903737467,-2.583584052074449,-3.5390991454679415,-3.7230856256929616,-3.4321160069741943,-3.4062446890758666,-3.0854940624951874,-2.8895498615671755,-2.7276071191617786,-2.714458206333163,-2.796843677456062,-3.080606921033414,-3.1597786621450235,-2.903214551463779,-2.7779525462143493
1.1302392863369146,1.0375181634311499,0.8492323345414547,0.6668286892784281,0.5629960885701619,0.8148815920367245,1.0255787005287367,1.1767666194645006,1.1853773512633323,1.1997739622190764,1.1985763133834737,1.1535241653528883,1.1527122389529083,1.1608886923080377,1.1586978465235698,1.0657269489459795,0.3922198512664102,0.9695111009238271,2.297851526682999,2.6706135964376054,2.667938026189535,2.817315554098892,2.8027360767958864,2.34099946899077,1.9420662616945796,-0.06700411528617413,-0.9265694689626285,-0.10745809562533531,-0.762809153384897,-2.125898042208098,-4.085104113181603,-4.067302064840019,-4.124153410552709,-3.4777951952000943,-2.922235724244515,-2.579348374724923,-2.636453159070879,-2.850147194726687,-3.219230554937117,-3.4231866310073906,-3.241102432294582,-2.9941001135358563,-2.685438870681622
0.770857203381278,0.4614289054019186,0.2595678910463203,0.35703931282739004,0.820214863590676,1.339177147918877,1.543763891107926,1.6519395422932979,1.6176083966236023,1.6071757981712307,1.5836211507154547,1.522923467022699,1.4399268949137456,1.4304213704122832,1.4760634392677032,1.4346267489937434,0.7475182491877692,0.7937563730965114,1.9079692664846164,2.3342954267846867,2.5278744174695795,2.510793129273111,2.4343090868596877,2.0647579277401076,1.0818707078673557,0.11176726916092285,-1.1272090189334345,-0.5181299306513172,0.3703307461354051,-1.603219880896217,-2.436781363661174,-3.751173797895041,-4.016278446622116,-2.9227231143598154,-2.431213595861638,-2.369774632599167,-2.6545610304186487,-3.1388224408521275,-3.574428780337303,-3.64918161600031,-3.3083047340873803,-2.987638228947262,-2.850183059113921
-0.08129849541694506,-0.2965235324620317,-0.3030926729265122,0.2082171016507753,1.0871841200380874,1.6740111185877875,1.931055277179365,2.0469724140760435,2.087081830644343,2.044458081238231,1.9870826999780211,1.926436548755227,1.7604460499213708,1.5498621611248546,1.3912727538531442,1.1345915073816748,0.920891101468556,0.8695930674484551,1.3243760042817425,1.7346303923156439,1.757663605828204,2.0123830324746277,2.204607663047341,2.190364393980441,1.7870307382480086,0.7822841644314494,0.9135130332083551,-0.05016207566625115,-0.5306518728754669,-0.22756227830456915,-1.2920819176692016,-2.8039573686481347,-2.872732617256829,-2.3544387775066817,-2.1494433370542256,-2.3804963653944706,-2.846396690816979,-3.3080199712660345,-3.533380391232715,-3.557590132429741,-3.396747050725955,-3.1439990950056074,-3.160093109763822
-0.7038607782092141,-0.7841302934526205,-0.5689802295199655,0.2590361477519457,1.2767979914633285,1.7027441482767998,1.8861577899471869,1.9168546397120734,1.995584073781241,2.031063154911189,2.1130176946178527,2.1011301032141008,1.9426964608296868,1.583108070794422,1.1790580405917204,0.9359060390735374,1.1797238603752163,0.9153318391846242,0.5222695172924999,0.33480832420164097,0.5383513841269845,0.988591329471983,2.502811387834633,3.200978331823235,2.9068441614929137,1.4499936561786342,1.1454332956216362,0.7425230770733089,-0.45274462763598206,-0.2992777919621869,-1.279365368293869,-1.8849835869129477,-1.665671526871689,-1.8622660634275907,-2.059574748369601,-2.4732923167468748,-2.965408093693194,-3.353100565202829,-3.5278231784618326,-3.4647109624149905,-3.232383449281202,-3.0912950264826615,-3.2877605364600715
-0.6648545502130748,-0.5677402627194098,-0.33362037446768744,0.44254144380423577,1.3539105149076578,1.6538409903769546,1.6716997117194474,1.525093045326495,1.6261956761641874,1.7512134010551952,1.765697850067156,1.7896747141113685,1.7393446052849295,1.5862343058279293,1.2522438609192779,1.0251677346128665,0.861515560980829,0.6291684075214549,-0.02879050858568838,-0.7849981790673972,-0.7969349213902123,-0.2679136689579621,1.5778105931294328,3.7493903846028696,3.6924392225254103,2.1175776902218844,0.8478292107343743,0.6038710934854609,-0.13506834999367112,-0.6773071970368274,-1.0470293072863512,-0.9189037450245504,-0.9154008554893796,-1.4915444591507634,-2.0239136046467343,-2.513133521029105,-3.01461409491493,-3.393901210574092,-3.4104845728080746,-3.1771969561023945,-2.8819206789844585,-2.8297668351607927,-2.9615879067387567
-0.45417703662829756,-0.11441303542621786,0.19760312719811465,0.5243425895557656,0.8140169198109556,0.9203872988159816,0.9045473615167074,1.1054734893996043,1.1042779998171082,1.232661153405083,1.1999298516544858,1.2631693056215165,1.3986991895624763,1.4028513058124972,1.2375156642767269,0.9287942213777728,0.3338014440946943,-0.02069741507348259,-0.42737924705296815,-0.9771208677796726,-1.5535613258747574,-1.471373661532055,0.4424669418474372,2.986191182248797,3.990949163010042,3.2175514078065524,0.9414067628026596,0.09878054741761025,0.3278537327523309,0.2737668946190571,0.10066078642762492,0.04480513994933405,-0.49891187799702397,-1.3422160726615204,-1.9911107389920855,-2.4855612547896073,-2.9935304581226956,-3.2730326712430706,-3.1916978282984325,-2.9046089718572015,-2.6900842630559803,-2.5458221360264615,-2.6878398199055753
-0.3198894958888641,0.2584524149764617,0.6366495679066755,0.8729829888210099,0.7857929268290557,0.6291534018304846,0.6013372112272704,0.7797596152857889,0.8468342925546324,0.8233547112386331,0.7960173520051069,0.8341968898936047,0.9648716989865214,1.0239442254518163,0.8500531382131783,0.3531217342258566,-0.1927273363762317,-0.3501407296890573,-0.29313674033946924,-0.5316025948687932,-1.2632989300962694,-2.05830613367019,-0.3104704724049303,2.7367919907281495,4.430675882237258,4.5203828344285055,1.6591752538554951,-0.469883540898939,-0.1034098930690339,1.8495464457520994,1.7244695336309286,0.65031151824183,-0.6606189243235782,-1.4601647278620884,-1.9324853528133397,-2.41789839104583,-2.7825589181379176,-2.981283919814834,-3.0130441706831705,-2.95474624249097,-2.733443286374117,-2.6512768924609684,-2.7426716118046213
-0.26093719828258544,0.33399331274200283,0.6567440003756555,0.7678904498438854,0.7018092892000125,0.5755293428326618,0.5427374047104712,0.5139486155401615,0.5085393302925639,0.5241967085029828,0.5947409915959505,0.5495677653230665,0.4268457725507193,0.2574607691483477,0.04899250117393848,-0.18039182309240293,-0.2555561569754028,-0.043703373511151486,0.40778100520955846,0.4875197294599927,-0.1171503059408845,-0.9672975311432199,-0.3551918281976536,2.5429490638771943,4.734561124161935,4.352079480289753,2.827376740653004,0.5876795394107778,0.5803145146212978,1.2391235389979665,1.0523334599196494,-0.0799744735353543,-0.98841932226795,-1.2893965769085542,-1.932357984951117,-2.300447720867318,-2.4866634786519777,-2.6411822697586116,-2.6560708001485613,-2.929135620323505,-3.0288984709962516,-3.006457556815148,-2.8515501742602596
