opendap2json/jsonWind/windD01.json
{"header": {"parameterUnit": "m.s-1", "parameterNumber": 2, "dx": 0.225913101929244, "dy": 0.1674781212439904, "parameterNumberName": "U-component_of_wind", "la1": 62.47987747192383, "la2": 27.644428253173828, "parameterCategory": 2, "nx": 229, "lo2": 34.8260498046875, "ny": 208, "refTime": "2018-09-26 01:00:00", "lo1": -16.908050537109375}, "data":
[rows 95 to 113 of 208, columns 0 to 42 of 229]
-5.763024667106479,-6.2891588567976875,-6.588093362711799,-6.578075829896588,-6.397185608461899,-6.347973388953005,-6.421987325131875,-6.480631905938968,-6.4195078809673936,-6.259038495859837,-6.1705699286925695,-6.3680613445747785,-6.644267585641443,-6.81572806642222,-6.855937676518839,-6.9527587069351995,-7.112352138901997,-7.283678581740812,-7.428465478155479,-7.56298886913531,-7.678315514643504,-7.764293390673519,-7.823255073824396,-7.886241558133047,-7.968589867119173,-8.068721997308518,-8.177783852829334,-8.274302092584286,-8.331854714669696,-8.339761139667214,-8.31506374332079,-8.288939145887335,-8.275478611981756,-8.267685323519219,-8.263399088219794,-8.278858233529991,-8.32277741415071,-8.380825765105177,-8.418904014657926,-8.414116499152271,-8.363404287788688,-8.287737260587564,-8.213058736874293
-5.969990214593123,-6.5606012868730215,-6.870085919347796,-6.810817080790116,-6.625825180597281,-6.625338270755394,-6.724911815130598,-6.768891295523981,-6.673579081727009,-6.536707323904088,-6.516607493663884,-6.685102861726564,-6.839302717735685,-6.9261179572141,-6.991180792803749,-7.1812578714856015,-7.346963342337272,-7.483803182342577,-7.607214723204651,-7.7303503774920586,-7.841117491906756,-7.92730684022491,-7.993915471347842,-8.067001068664512,-8.157617760400402,-8.268955019645405,-8.386012152273334,-8.487483186414494,-8.546188014595637,-8.553993069329085,-8.52291712481475,-8.490300945733757,-8.469534534536983,-8.455660081821359,-8.447004196771315,-8.44830144927168,-8.46308308014777,-8.490092104674684,-8.517766256223332,-8.537077178118453,-8.520073629920908,-8.47651800376724,-8.398744588388181
-6.114254708347702,-6.74565973769388,-7.007057110419299,-6.873288670839285,-6.696858940858265,-6.790856704108986,-6.952128794989023,-7.0085174806827295,-6.923965677514879,-6.839243248366582,-6.856404080775591,-6.990990818634667,-7.0353161410979,-7.109834046755716,-7.234974986773018,-7.407520529668461,-7.543528009253608,-7.6583309662209125,-7.769975713931489,-7.881197373518795,-7.989829651171173,-8.085422196703446,-8.164020818509812,-8.237422357549123,-8.327184677288422,-8.43784563877154,-8.556997242579515,-8.664519657811281,-8.73152413667889,-8.749474507352334,-8.725525945245863,-8.690945373589631,-8.662705916230074,-8.644766516021665,-8.629538424581238,-8.610904006765812,-8.588397105531458,-8.579138941802823,-8.591676836366018,-8.618646534671896,-8.62458880550558,-8.6001611156801,-8.539236863229567
-6.212801146736355,-6.848595378163157,-7.029233776951521,-6.843288134896495,-6.711600961941481,-6.894568867464049,-7.085701483258085,-7.174756059263609,-7.11958112261267,-7.0674658417491365,-7.0427234502723195,-7.102375620872414,-7.190808389117493,-7.3508924830313775,-7.491061350499875,-7.608616199980294,-7.716957645815739,-7.820892896324586,-7.92595999759627,-8.037514942611386,-8.152020702893726,-8.25295858715864,-8.331638268625559,-8.396812071348046,-8.481159178683441,-8.587108278697738,-8.701325504881199,-8.810645806322698,-8.890050597157828,-8.921288270975007,-8.906614949078353,-8.873782640416719,-8.846416369096582,-8.826538494164065,-8.797089131292177,-8.748457914345993,-8.68399562412368,-8.62540615890852,-8.59511727452629,-8.608255804136714,-8.63265635903298,-8.635508660296189,-8.594832431825013
-6.2895885135274225,-6.889802679906184,-6.997240632339153,-6.866734943084327,-6.8567094181457495,-7.031990171379249,-7.181043203900046,-7.2409314161509695,-7.223938913809763,-7.201740740242444,-7.149040597920101,-7.228874787590573,-7.3917297834872215,-7.56412982930436,-7.68523495388961,-7.7815426119588835,-7.874270112668511,-7.973194493742195,-8.086201970750674,-8.204959669440333,-8.322070365755472,-8.41510115483336,-8.484067696635845,-8.543204585544878,-8.616838703778763,-8.711920680210811,-8.822688794211208,-8.937717110309839,-9.026310978466627,-9.06529784851631,-9.059202454027945,-9.033606028345158,-9.008224243979024,-8.979556027323518,-8.934216428530092,-8.86430854288976,-8.770655334115487,-8.681600805513362,-8.619627514156067,-8.604017295417417,-8.61249303838026,-8.624856041717905,-8.601733953647644
-6.449808432039312,-6.853107843875817,-6.966572863696058,-7.013667068871827,-7.166887765271314,-7.296619464934747,-7.287582408191849,-7.266019475087045,-7.248124319598894,-7.265901736558492,-7.30264040013058,-7.428377658043167,-7.588908710587784,-7.739486005057955,-7.848281647342224,-7.940881557816549,-8.022950548526204,-8.122648395593545,-8.242161650461469,-8.369233936639684,-8.484870778204199,-8.569270676401866,-8.626307404769426,-8.672222136289296,-8.730479104385804,-8.820783818734686,-8.935695418527903,-9.05182585462773,-9.142029838172379,-9.187801441308546,-9.195713149475827,-9.18281820502426,-9.15979537367923,-9.125758346109567,-9.071813421206036,-8.994290628045592,-8.896167756081637,-8.790776048930187,-8.701199068081857,-8.647331175914447,-8.619571874951319,-8.618049383506072,-8.611135972103549
-6.684143713074823,-6.842517680993298,-6.953035455517835,-7.27055565425051,-7.579651237387622,-7.636821959163789,-7.470303956385833,-7.3111102111564055,-7.2735101646405305,-7.3396222300156,-7.439222823651999,-7.5969850022874486,-7.736880365898346,-7.882071270304193,-7.993650935125988,-8.080207017538395,-8.16568905905176,-8.266190311120118,-8.389268952815934,-8.518939647744553,-8.635204037789762,-8.711882765793169,-8.755842004229846,-8.79501356049142,-8.855560188245667,-8.946941129408817,-9.056363470126103,-9.166995977869005,-9.257026933674126,-9.3148700656315,-9.34146522843679,-9.339291119259663,-9.31368173990607,-9.268102631409965,-9.205890227309624,-9.127010510905496,-9.037127348213309,-8.94151102064069,-8.846606073843223,-8.763288141939368,-8.696829199461977,-8.65765877274173,-8.615909000703528
-6.8252024915503515,-6.7755286248091044,-7.000871031293062,-7.556905788541851,-7.989211615834052,-7.983858904191437,-7.6851822861217505,-7.43779616310472,-7.382593376347892,-7.472843980714651,-7.577705169277966,-7.691158779962739,-7.833154213285415,-8.007523832660814,-8.110877963095257,-8.196317275949745,-8.29638306811157,-8.399441943608856,-8.51796318975151,-8.638280242505695,-8.744313844897839,-8.817367734285309,-8.869880286403248,-8.926115561951187,-9.002821750070856,-9.094967028504621,-9.193523159464515,-9.296602398343378,-9.390034643470225,-9.458898727878159,-9.494240294153146,-9.491527496177085,-9.456865752081198,-9.404389796374913,-9.343138487526371,-9.2798117677121,-9.213438309478047,-9.13914244855598,-9.055911012021584,-8.964039206919914,-8.868983432415662,-8.782463663901288,-8.699550871975042
-6.697911268016183,-6.632235667481495,-6.9743416678943975,-7.632566133227593,-8.176960399730895,-8.213304018715183,-7.831253544288887,-7.5543595633287035,-7.5435066361833805,-7.677747885253103,-7.705489170880752,-7.76973570342623,-7.933833497439867,-8.091105658755628,-8.182083864368126,-8.2776518380683,-8.394339926583692,-8.504909937061832,-8.6154156420621,-8.712586961900346,-8.808281583756898,-8.890077328696623,-8.970127561623219,-9.059288907216253,-9.155863046462411,-9.24800306772812,-9.342495690287382,-9.445278190265165,-9.54279242861375,-9.614522653755582,-9.652769575723564,-9.652743971666588,-9.620109094034344,-9.571715835072721,-9.520994304280942,-9.473375527715273,-9.425741216142255,-9.369092054871789,-9.297450011730211,-9.211836776550186,-9.121023952743329,-9.023889053929997,-8.898754359229413
-6.564178597407077,-6.4831295963047175,-6.727502408820185,-7.4051118672474905,-8.01540834486101,-8.172405427145998,-7.837200198940906,-7.628131675123342,-7.683608646555905,-7.794423390616847,-7.801525270178226,-7.869962531783773,-8.00849160387355,-8.119802116359018,-8.19802316989778,-8.314079599543186,-8.44515551379064,-8.566767605707604,-8.671175661584252,-8.75600404674429,-8.840921385032525,-8.934038347990585,-9.039234273895724,-9.1567650290839,-9.275381401090275,-9.381087200023893,-9.486074576627743,-9.594333899431165,-9.695117721064388,-9.775002100219385,-9.827900999473108,-9.840203766160128,-9.81804238797479,-9.78182863564697,-9.743294571529526,-9.704841879249507,-9.664306440150238,-9.6123087686592,-9.544538285527759,-9.464232978208688,-9.376406509214094,-9.278971462611187,-9.151027284778433
-6.67758191317858,-6.595603422919589,-6.591848814462925,-7.076112113240612,-7.742014439558165,-8.038730056800773,-7.81536208950561,-7.705596660817723,-7.779757073812146,-7.866432272974817,-7.873251186939396,-7.947271720143123,-8.029883559070589,-8.101773471618767,-8.180491852405979,-8.309439653986988,-8.455512561200564,-8.59222635143143,-8.703532711917532,-8.785948824772948,-8.861967469258142,-8.952225954095518,-9.071721527540012,-9.206760985073705,-9.3420835994053,-9.471152410119965,-9.598292976600879,-9.715121776509122,-9.82407054021501,-9.923655071993426,-10.003794694375262,-10.040546409496079,-10.042721062379554,-10.02959361183427,-10.01259611068652,-9.984390482400665,-9.942852023671668,-9.875789828180114,-9.795958520609114,-9.706992819597794,-9.615250496588718,-9.512044101204065,-9.384944768454838
-7.074372869408367,-6.9924729244292845,-6.824855422665165,-7.179420625441782,-7.6907534524227215,-7.914915896383498,-7.8000486139008895,-7.8157287680282606,-7.918510221392757,-7.965710884038353,-7.93640562046591,-7.959694272976816,-8.007896078159112,-8.073530979745787,-8.143240050806925,-8.28115264356272,-8.441567033811229,-8.597402174047028,-8.719792266907268,-8.807173244413313,-8.887818256670068,-8.979823239723952,-9.092899171384483,-9.21804420483316,-9.363776354156608,-9.51466431918447,-9.662135233504936,-9.79146470174156,-9.91737372788455,-10.047453642093279,-10.16090946744271,-10.232072353025885,-10.273851326168403,-10.300860999368437,-10.310659502905136,-10.291175321042848,-10.242140726620462,-10.164584365261424,-10.06921719666077,-9.962424454236366,-9.837918987570141,-9.710672374759689,-9.582710705601633
-7.126446112641896,-7.1978937536345615,-7.180386786311871,-7.460497538588741,-7.784833893307206,-7.865102452667212,-7.790150687669779,-7.919508778112106,-8.064643062929266,-8.112292162321882,-7.977881192359659,-7.935396950317242,-7.971338612985082,-8.0249333566854,-8.103605406485642,-8.245371576312207,-8.406296483466923,-8.56427421389544,-8.695846109564181,-8.809827541334908,-8.91290917955656,-9.013324297766612,-9.12056086601125,-9.226576075333247,-9.367631427945433,-9.530699883963726,-9.694648145805855,-9.839848085255174,-9.988330270786413,-10.143814205659849,-10.285279423545791,-10.395258335068284,-10.481880286255414,-10.550642280838277,-10.588918526752549,-10.584722088111738,-10.537837821937066,-10.454175608500655,-10.339264004851454,-10.206382270431153,-10.026108476153212,-9.86943102720804,-9.745127731697151
-6.639899758559574,-6.773459440506184,-7.032361850360203,-7.53609015059405,-7.790074635898113,-7.859475602956554,-7.767842590155952,-7.9303611671332925,-8.178621499775183,-8.247720189411165,-8.044768879928567,-7.933072198986943,-7.95156881988123,-7.994309643259035,-8.07453805845427,-8.21545390188527,-8.352284078326987,-8.497873583414549,-8.630401551538535,-8.76100107180641,-8.886949635924962,-9.007635160499863,-9.1136632226131,-9.22467011101227,-9.376850998030928,-9.54216765427693,-9.708817770214209,-9.874205775431797,-10.043522288931747,-10.219994780204612,-10.391562885525754,-10.537084630514173,-10.66677513452074,-10.776020471742651,-10.843841374850022,-10.857192942025943,-10.822165929256084,-10.73850462114873,-10.59603204621209,-10.353930993149646,-10.18063720737935,-9.977492324374515,-9.873606869889652
-5.922939505204978,-6.0943583336709874,-6.4834505172970935,-7.103718266160963,-7.5118288825757755,-7.600173654420656,-7.547899208995814,-7.834676413454405,-8.204978941914208,-8.257377156020299,-8.030048860834409,-7.953991305179818,-7.972135360225628,-7.993357973644801,-8.058980669822407,-8.182051190508167,-8.30224602086686,-8.421711975827957,-8.528087318288394,-8.647252720733388,-8.765363361344852,-8.892334833709226,-9.03138953716963,-9.181141950865026,-9.343845715672668,-9.51902433293425,-9.707778553469804,-9.908298940514344,-10.119925728464553,-10.340120945604625,-10.551044966105149,-10.710778193413548,-10.857893849622883,-11.014377599867784,-11.127087261339478,-11.165743728464577,-11.153887860395798,-11.078627785766365,-10.91833387937441,-10.687633530168611,-10.592160228894073,-10.269430511982442,-9.891162072342127
-5.832028781165497,-5.752357472033816,-6.103172235590357,-6.719327325518607,-6.909915386455103,-6.978985818925108,-7.1718573298358725,-7.62378046133713,-8.041944662203942,-8.042997305847104,-7.902980863059835,-7.920372774635229,-7.9695491632062945,-7.99213520736274,-8.037780305009894,-8.139613131455528,-8.246365632467562,-8.351408811257908,-8.428273169623665,-8.516433075205242,-8.630381210238069,-8.754597665870422,-8.896084671391202,-9.05737016223517,-9.243810492777378,-9.453216591209298,-9.685983574890237,-9.944015260495252,-10.208034652076844,-10.454868532906358,-10.652786933236248,-10.85142990049048,-11.070614365318356,-11.289536442188469,-11.424987315622642,-11.47739131097578,-11.504984499525683,-11.460962234842436,-11.356344853453656,-11.305606549285372,-10.679080102472456,-10.504083969922123,-10.327602176030897
-6.012963787451722,-5.977064436028245,-6.311117216536163,-6.552516708869814,-6.520571462752648,-6.611894785834411,-6.904277877422503,-7.430077084321335,-7.803211382693326,-7.733981646500867,-7.691526000223829,-7.769499388192378,-7.867412349497638,-7.961840167562822,-8.005070800637787,-8.072325959317372,-8.168880541169676,-8.277318575891591,-8.361458677444285,-8.446984042451849,-8.510340427912627,-8.57918420534323,-8.694295672786193,-8.87997484704707,-9.109933969749662,-9.3443755682519,-9.584114189300141,-9.842595211061113,-10.114509951413769,-10.360722260345016,-10.614135026079252,-10.918231530927228,-11.210561798134433,-11.411465858890232,-11.5034026757959,-11.493064911180856,-11.430310069710162,-11.3527323971597,-10.971681920466564,-10.12279963729844,-7.994883727088956,-10.032568504114616,-10.014251788946583
-6.076610084610786,-6.164466784951971,-6.3786066296792665,-6.498473609068626,-6.425495654544685,-6.507737660317652,-6.891781719588331,-7.3693340157889455,-7.635014098415741,-7.5942694458451,-7.49440813661279,-7.461880671272176,-7.647037135251775,-7.840987964262171,-7.907655960301839,-7.97628591381797,-8.032108068422293,-8.139359917222782,-8.213713830057984,-8.254651452549346,-8.299135266764617,-8.376798901962013,-8.539164519655149,-8.760284124762443,-8.988784903311055,-9.184012839319147,-9.374903128538284,-9.644408306654057,-9.961587755451614,-10.269128192147566,-10.55048579551668,-10.833735336597087,-11.04559259757973,-11.079830113676728,-10.930777410998793,-10.577963867423067,-10.124446085975086,-9.771875296872457,-8.763089790759631,-6.8516292286216345,-5.628038620232466,-6.440403168027771,-5.125797169994803
-5.959985115012586,-6.102268203774603,-6.311376955932438,-6.3318920658999645,-6.255306908319536,-6.414377466637843,-6.759226056822986,-7.190311781960691,-7.67311601316734,-7.676871416393089,-7.3670149345295,-7.222446241724258,-7.366877630471865,-7.602218007071539,-7.7466692132982145,-7.8030136197537265,-7.846305672394997,-7.928376712801574,-8.016650499050792,-8.121066739277223,-8.23279451943539,-8.3674197118649,-8.501720323156476,-8.658913904310971,-8.815954239605023,-8.984512166323702,-9.154602217587858,-9.414717231059218,-9.69370135309232,-9.928442870625185,-10.145818553649976,-10.317390559591109,-10.386587826186046,-10.135298215011087,-9.598719599630547,-8.861693707928753,-7.575745030330664,-5.7978572017353915,-4.608184272276208,-5.154017764306098,-4.8506545231693705,-2.9743398227127393,-2.266618410370084
