opendap2json/jsonWind/windD01.json
{"header": {"parameterUnit": "m.s-1", "parameterNumber": 3, "dx": 0.225913101929244, "dy": 0.1674781212439904, "parameterNumberName": "U-component_of_wind", "la1": 62.47987747192383, "la2": 27.644428253173828, "parameterCategory": 2, "nx": 229, "lo2": 34.8260498046875, "ny": 208, "refTime": "2018-09-26 01:00:00", "lo1": -16.908050537109375}, "data":
[rows 133 to 151 of 208, columns 0 to 41 of 229]
-0.957764738596775,-1.195123711394052,-1.4372140291184918,-1.591595355167842,-1.6148049572175551,-1.5765455073582038,-1.5835960534214204,-1.6163508541924103,-1.7852195503773398,-2.2480704273179275,-2.853585702323832,-3.1595765341300006,-3.134930751045051,-2.9500309255217547,-2.9579963459432923,-3.0173967838689792,-3.079390010366095,-3.1438387728978507,-3.235048890525984,-3.4166324116293594,-3.618589628826756,-3.714527307281975,-3.627382660560544,-3.635324649653036,-3.6341546634442308,-3.4136285643460185,-3.13103510820476,-2.87357493862091,-2.523660704417597,-2.098043008628315,-1.7354488081142294,-1.5194117153319617,-1.4927009064961816,-1.4669247644178722,-1.0736312044434706,-0.16189196503675696,0.4832124586068289,0.7457609084326791,0.8983929865071095,0.5691622557563503,-0.34766390816904363,-1.4160684833617834
-1.1964794875674172,-1.4555564132064114,-1.5970262517028353,-1.5943517929739308,-1.5604637548608244,-1.5579192118051484,-1.6182212121961006,-1.7450289069852112,-2.016325626418674,-2.541638846864233,-2.9050022651062397,-2.9439488167759778,-2.890453596760529,-2.8974870389449974,-2.989867716708258,-3.0814652219143746,-3.1581148260378544,-3.242617216187969,-3.36035679716114,-3.5062584156640915,-3.6511396007679786,-3.8396985120349902,-3.799994856597242,-3.7605876320903535,-3.6449523229431375,-3.341476667576158,-3.173575050680346,-2.963416576393112,-2.6188197943378695,-2.2129032502074786,-1.8990064762342267,-1.787240481895527,-1.890799143680223,-1.886445687250931,-1.2715140565786163,-0.27100895434957134,0.135825237240073,0.046566556152723024,-0.2266444791721386,-0.9001033366769108,-1.8622307276990264,-2.4219940700132514
-1.4273153001684338,-1.5251593710969298,-1.5230742337741126,-1.52728016412406,-1.569050963048585,-1.6524011998572146,-1.7591989634134388,-1.9708196765753505,-2.320114205021448,-2.665473343133561,-2.7425042413926093,-2.746297051902595,-2.793893772161304,-2.8735039510510623,-2.9603258627450866,-3.0648121654827714,-3.1650996632043418,-3.2666760422191268,-3.350343334766083,-3.4383610196396757,-3.602482094372765,-3.9059368359531774,-3.9680885969158566,-3.7193846168306512,-3.532168091776832,-3.3311712024876896,-3.2569859439622713,-2.9879893084888565,-2.736792250503837,-2.3854257168416733,-2.150558983815448,-2.1515331546925305,-2.348018463264645,-2.2151527839376044,-1.293246030885635,-0.3435311703266132,-0.3814754076837517,-0.8623169000744964,-1.378356500283911,-2.0036143020813366,-2.492771888432047,-2.030876711046791
-1.5390820235972602,-1.5191046483045416,-1.550717327020313,-1.5985441913690037,-1.6595410941716926,-1.7214450441872924,-1.8357453823359784,-2.2430384427848282,-2.588563628323225,-2.736596850776407,-2.72653107229637,-2.7531923818970347,-2.7828227097709464,-2.8095541325907787,-2.8740548670628585,-2.9928614137753127,-3.1396480850660176,-3.282690301061851,-3.4144126511035555,-3.5010320722704975,-3.6853150306925295,-4.0455384687365505,-4.051349473045528,-3.641280689768063,-3.5056159541255036,-3.45460612550473,-3.321364998820224,-3.091407829774764,-2.8478010203068207,-2.5967558437257137,-2.5133495138174298,-2.6541217330754217,-2.843147961176627,-2.3549332005983965,-1.1215702493549444,-0.48505195476947943,-0.8661376894192429,-1.3964716512555944,-1.8052913043745387,-2.0318557167686744,-1.8453366721387274,-0.4632520272654182
-1.533926096972908,-1.5797469185561066,-1.6414212757551856,-1.6890872916349804,-1.7219923843035074,-1.777259942615984,-2.0335199775701853,-2.499523051654917,-2.7551569297758713,-2.798310016012529,-2.7389297426953356,-2.730171434977637,-2.7113626490482106,-2.7193075924675036,-2.7694395347845764,-2.8830871767527455,-3.0292959408769864,-3.17408138752335,-3.295922277971929,-3.453231183401122,-3.7608250891639146,-4.045025098400422,-3.953827406528532,-3.6144198354028436,-3.5794125734320206,-3.493096234240893,-3.371133625340305,-3.2062236546291225,-3.011001205114246,-2.8820248690291157,-2.975316454957547,-3.175587803149812,-3.1329582857876783,-2.1841611356784716,-0.8898794349830632,-0.9215682896536315,-1.114104471588455,-1.1849633528638468,-0.867137147942481,-0.5170943096188316,0.04980528963987017,1.3547700554900721
-1.6244411185672853,-1.6832254352527112,-1.7239513423469974,-1.7710269700077825,-1.814776778096924,-1.9512723790250095,-2.3704744195325307,-2.785529219887978,-2.8935036887870647,-2.7879027544570425,-2.721017069972513,-2.694707019158333,-2.651809802316972,-2.630701520207221,-2.6489123371249055,-2.7018888708060427,-2.7349043452377937,-2.769827226469713,-2.869513677582334,-3.1144129476138476,-3.455022768279055,-3.688150063856466,-3.5442795422862132,-3.448409077939152,-3.4674284889878186,-3.4940703604185432,-3.324762297447079,-3.2273958663225844,-3.158543683665452,-3.2102311260042455,-3.4276909608819373,-3.567631236868132,-3.1260084322021915,-1.8304757637912508,-0.7969102127643607,-1.1354436434716173,-0.8334684730736394,0.2119881348059969,1.1669030194427406,1.5685096016516797,1.9368529186499976,2.322379496455599
-1.6424671846455288,-1.6925234819739028,-1.7712895838086005,-1.8395299408130166,-1.929718945833488,-2.214955946695413,-2.6830068653259724,-2.9298748073039835,-2.8402984473762825,-2.706373917126902,-2.6656727007494765,-2.6095920449840433,-2.534325799793387,-2.5062923118052036,-2.4910750033604057,-2.434482582042945,-2.362638324371654,-2.342507427426587,-2.4378511896753268,-2.710948148354079,-3.0389686707828196,-3.1250599741943725,-2.9796668090113725,-3.020400492909037,-3.159498890725696,-3.171688871923904,-3.029518547132903,-3.084345971342861,-3.218651632754159,-3.4918555473854087,-3.843285503264399,-3.865398820605249,-3.0153714474701028,-1.5518775917454255,-0.8446246622760805,-0.8219848726544123,0.7845327811245907,2.5940342911847956,3.2596974813949733,3.1118950047386087,2.975527471903202,2.747367127865272
-1.526324995525346,-1.6795600556601866,-1.829163449189101,-1.8594053317191532,-2.0525743461344,-2.4496938454618125,-2.7934412984488977,-2.774616390133838,-2.636398037314309,-2.5677302522260366,-2.5112429265694467,-2.434227860214792,-2.389961962293859,-2.3727308104211926,-2.297675387656375,-2.2022061482347226,-2.200683413175276,-2.266923929445939,-2.4718395784066973,-2.700230667853407,-2.826068848211299,-2.7440494468593415,-2.6786273882988745,-2.7769362041278605,-2.798377492878713,-2.673323220506825,-2.6786819286629595,-2.8221444643373577,-3.1237469342672077,-3.608278362097925,-4.0671152368319285,-3.923050248297282,-2.81908471760415,-1.4269086890876046,-0.9259847378925208,0.21492638229497715,2.897807468404555,4.754948818443621,4.369323591077751,3.426504536061436,3.0942189903059982,2.9229167819443793
-1.514556538587215,-1.727526766827161,-1.8100232519054957,-1.8627334546109995,-2.221029560710506,-2.6195418702909974,-2.7597263834419614,-2.614414458265897,-2.503572608776673,-2.4471047195790447,-2.3928792222488156,-2.3589156298105203,-2.338761400374044,-2.2669368199660034,-2.1970160774253715,-2.2741787260311295,-2.4391763640487962,-2.5605955260369737,-2.741402005425875,-2.8344007524854615,-2.8419277937815584,-2.7828670611017547,-2.760615355789887,-2.8110647872021595,-2.6793803527322475,-2.5152313755997655,-2.5086829461097744,-2.6063905905655522,-2.9105617888991153,-3.4160411990555444,-3.852663279250353,-3.571100979099667,-2.4067533991138537,-1.1249584237699217,-0.24938307891513223,1.5672666616701767,4.507969455809739,5.322154553827996,3.8642467739470083,2.902243770555438,2.7737918379615323,2.5327391420295524
-1.6281674124400416,-1.7295226770253833,-1.711645661608308,-1.9672223918514007,-2.4431656339992127,-2.7378425015738554,-2.7073648413448663,-2.56870849415231,-2.4761249925927267,-2.417156625071403,-2.4198988358728126,-2.4294431514335106,-2.3691004920904883,-2.264913592992877,-2.358337630511125,-2.6089793966414967,-2.755988013126723,-2.8065100457665673,-2.9517883004253784,-3.0038146302845083,-3.0268930082105805,-3.01214073389848,-3.038986704269932,-3.0235987347930067,-2.8084050815344614,-2.698857565246917,-2.6424936430419965,-2.649128361306713,-2.8334784914299966,-3.1888856469069493,-3.2557277019229147,-2.7494031866005324,-1.4958988708368153,0.1796732610599901,1.9133584667704837,3.725684408117486,4.945588963243711,4.084188125868854,2.7616020930770055,2.2377613187034306,2.3624571260274303,1.863258149513836
-1.7079659064599004,-1.6552058013916422,-1.7629435674978593,-2.2723318393650778,-2.7074610545721756,-2.830450885844701,-2.7304284801379644,-2.6296942152925906,-2.5535438474804257,-2.5473273755889365,-2.6132218239930927,-2.637493356119254,-2.6247732403410637,-2.7198293175337067,-2.9100525029565585,-3.00487996818862,-3.077490899539795,-3.093518725325912,-3.178707549127256,-3.226313649537457,-3.2649129918775364,-3.2891872297388214,-3.319315628878276,-3.2216282881243012,-3.0651270777548003,-3.053293247608488,-3.018063729470231,-3.0489133470865455,-3.132808913579615,-3.1164769024612604,-2.7317374533435452,-1.7846245811811197,0.052484697698608154,2.5936572743054724,4.670634922680973,5.29899724966012,4.473296494270219,3.003266072454825,2.159883190395434,1.8644914550693505,2.2319150028210752,1.765255219394162
-1.6510454177837155,-1.677705647734114,-2.071532956192969,-2.6592136739715633,-2.9245371579549264,-2.91042833337701,-2.8197575736981317,-2.7276478255613235,-2.702637757406371,-2.7741073900869173,-2.879019560757973,-2.9585116835135685,-3.1072258336453604,-3.3709989694541385,-3.420842665272566,-3.4113715404502543,-3.4156253448536065,-3.422033495978761,-3.439049693873419,-3.461480867983154,-3.477622860620447,-3.46365745022604,-3.436404668162648,-3.331971723238192,-3.3090282257757684,-3.362031808339941,-3.4035613983613797,-3.46658073361456,-3.480063725397394,-3.251829483215053,-2.461548660539581,-0.9591519278666181,1.4825557220764147,4.396948497576768,5.898498666841706,5.165741082938244,3.357086151949569,2.430678477963875,1.8439099327898387,1.8853138906570794,2.4396648902124385,2.132562240493088
-1.6665441079374097,-2.014966439192064,-2.5182805912665094,-2.9484475320922208,-2.9884169466560717,-2.9709010265338387,-2.9001914687109447,-2.832282215416138,-2.856466626537057,-2.970431131363806,-3.126474077004928,-3.329295745022959,-3.586115150079322,-3.706879020644375,-3.652057296984601,-3.6621176067044274,-3.7092417990095434,-3.7312413863678753,-3.735493532240883,-3.709986932974264,-3.604983708183235,-3.49054217818981,-3.4383888557469717,-3.401422940881394,-3.4191741165152694,-3.4735111556060665,-3.5518600435444525,-3.612450298702572,-3.5716696759688933,-3.2393496592359856,-2.262345086245713,-0.4613876399416487,2.0665899888276553,4.42674500689968,4.962806412332661,3.5561901989912097,2.0771063783604897,2.064122431366304,1.897232532428189,2.189336357061601,2.541719234002549,2.2247825879899126
-1.9084583729424758,-2.4297258214373776,-2.86030361297942,-3.0253643132802117,-2.985026892632923,-2.9635357993331013,-2.9137834712862976,-2.895689889173471,-2.9411865749133446,-3.0556104536363216,-3.239975005331322,-3.4690221795635745,-3.6129217922254373,-3.613277883244069,-3.5829991910775205,-3.7183424052293814,-3.8620184636006165,-3.9900929035779633,-3.987211661495336,-3.87911615853491,-3.6933305947383364,-3.573941897337992,-3.4839542989763252,-3.4368711082251893,-3.410922380164665,-3.4323884167720182,-3.454206723264966,-3.45972482988324,-3.379324030341149,-3.027867262655932,-2.0080239681878886,-0.2446571918793875,1.851656305819413,3.2244488177035233,3.199780038594021,1.927551264969147,1.1159922126840471,2.071911111427718,2.5929205865639977,2.873787112282022,2.5357309469546516,1.8969938383787313
-2.2380358579148756,-2.6892976779356372,-2.8666624262025397,-2.9364258697006624,-2.893007361672429,-2.848850379817216,-2.8417482981414426,-2.892067039051405,-2.945158280248509,-3.0447801267089285,-3.146514173340096,-3.2118062578335467,-3.3047594365313717,-3.3305202347634997,-3.40911372100032,-3.6246334324296545,-3.831926494402112,-3.9687408767897447,-3.9551035224254,-3.8644559940593552,-3.7327585677019726,-3.59495764431796,-3.4804720928040696,-3.40340741706822,-3.3477187680296536,-3.319428327475504,-3.3062016726605457,-3.273507707652942,-3.1533228552903436,-2.8231356608405402,-1.9446059125549238,-0.413406943495094,1.1983515265477065,1.9023438122964562,1.5105470707055364,0.841325570895911,1.1357501061081015,2.8821222619805473,3.8066172416215047,3.328032278578206,2.291606101726918,1.3498780597209319
-2.2881710579035763,-2.5948562884443422,-2.61399369565607,-2.6888728651998752,-2.660672558551204,-2.6238727666527444,-2.699295238655954,-2.808067327342389,-2.8951071622783777,-2.9564122088467855,-2.9496247269516234,-2.917806430734738,-3.0053660868313603,-3.104322515220831,-3.2636609597438895,-3.5084566030614965,-3.651905228308469,-3.7691273857389493,-3.8021790369824275,-3.7499412644726386,-3.6221707734654216,-3.496764581749215,-3.3899033971819534,-3.3103235010663363,-3.2660094181006523,-3.2473039693455386,-3.247722111358282,-3.197280846609749,-3.0784806703960133,-2.809913449459005,-2.0152874258425255,-0.7551726034198238,0.2820737735319713,0.3647775513016796,-0.06864683149267999,0.41094760038364164,1.5441373183865363,3.0439649455627595,3.5877831349559197,2.9639751271360413,1.6291101105217507,0.5189227998363509
-1.8791231317293091,-2.16667312948562,-2.218815498908484,-2.2916721445027037,-2.2969088691098274,-2.3574923117942066,-2.5150263036184763,-2.6701975771637936,-2.796719939285021,-2.8574576741342357,-2.8324611270782865,-2.793650241609918,-2.8935632725204963,-2.990957274464505,-3.1404866594670207,-3.391981869527914,-3.5251676944353045,-3.5982356907623525,-3.6025354475542968,-3.5522669286595807,-3.453199321265053,-3.3468036645746255,-3.251067742267256,-3.2042472713389807,-3.211724317936706,-3.2219837924022565,-3.2110304910915857,-3.123758442621355,-3.0147494530564534,-2.7500581544215263,-1.9938106965874383,-1.2009848182267124,-0.8995309616188439,-1.02841311155049,-0.7490360762390994,0.6104161254146512,1.3777240866100098,1.8775496911921985,2.1796410983230814,1.6755329672392998,0.45936572794862673,-0.6315725530929637
-1.3371506126619823,-1.6823000079818966,-1.7898409776891608,-1.862724398578852,-1.983191361721265,-2.140905238979122,-2.3493004300262186,-2.5733464843732796,-2.7618096130802816,-2.8427760061314213,-2.8096559814048416,-2.799846984479016,-2.8213818120511625,-2.8227642116754983,-2.9644723748905086,-3.1927697865035043,-3.282881481159162,-3.275257954216646,-3.253094467247471,-3.254488344849248,-3.2305515271417624,-3.188449567269421,-3.123158823804586,-3.0954562788452873,-3.08113505506406,-3.034225359293527,-2.9748294654361103,-2.9133702671113118,-2.8176573643718448,-2.621796637975521,-2.2098728706963846,-2.048457544911059,-2.133302099680503,-1.8549267959760558,-0.8333362256076146,0.49141295584449246,0.5517226898336096,0.2492731244664023,0.272313343281305,-0.10238869612985721,-0.9687317696823428,-1.5045582652449259
-1.0840592805405536,-1.3816227919955328,-1.4980301757175563,-1.6432337841896514,-1.8575268965824288,-2.080353045424243,-2.3399125377156373,-2.588925254751963,-2.75798120777255,-2.8236915083873697,-2.8204122366962414,-2.800261927803037,-2.7466271298373286,-2.6997799957721065,-2.7404670617426534,-2.8235784839813856,-2.8621443860870044,-2.795008646801085,-2.7699545873365987,-2.825454842041623,-2.911802076277608,-2.986110143914445,-3.0395744318560993,-2.990358236129665,-2.922529409118483,-2.90963265108977,-2.842053729649133,-2.73910443870725,-2.7064097440390023,-2.7561076295799958,-2.8343172003211654,-2.9569448399348985,-2.8182747718890417,-2.0280972208476906,-0.8244261038722619,-0.17012074067316066,-0.5601873193257477,-0.9092863317811689,-1.109009176666869,-1.3142720042760354,-1.5553412448015007,-1.1845453003601405
