opendap2json/jsonWind/windD03.json
{"header": {"parameterUnit": "m.s-1", "parameterNumber": 3, "dx": 0.01065765380859375, "dy": 0.008131171054527408, "parameterNumberName": "U-component_of_wind", "la1": 41.631134033203125, "la2": 39.151126861572266, "parameterCategory": 2, "nx": 300, "lo2": 16.316253662109375, "ny": 305, "refTime": "2018-09-26 01:00:00", "lo1": 13.11895751953125}, "data":
[rows 133 to 151 of 305, columns 129 to 171 of 300]
-8.388998316337828,-9.319056371998508,-10.386598783010987,-11.398032870734356,-12.131929807681951,-12.488416349001017,-12.56925762386576,-12.061967644609798,-10.25518165707289,-7.759391065312505,-5.873777431715459,-6.297563865103411,-7.1101952179078545,-7.176287411301871,-7.648304046435621,-8.031730226466559,-8.163941452617673,-8.226458893849532,-8.180515824237503,-7.770739153843133,-6.932978294872906,-6.032909151094139,-5.473489811326523,-5.506867960268255,-6.066087160537641,-6.340455607605477,-6.125209727219223,-5.778120119453046,-5.4508039139286115,-5.0071118358915205,-4.222504186325163,-3.2536559527257958,-2.459172164064043,-2.0416668141021272,-1.9738527341022842,-2.135777952276934,-2.351462399388538,-2.6194244213597933,-2.4969888447411352,-2.289149518006735,-2.795313623360872,-2.8591581382648457,-2.848937544740248
-8.881861045721685,-9.82696710258521,-10.739567335119043,-11.423782275485244,-11.80569219331446,-11.954275247862952,-11.750612393932148,-10.493333088439202,-8.287555930552251,-6.369656349218726,-5.8805894103636485,-6.846445023915077,-6.9877681460367995,-7.1608222972643425,-7.68121560081256,-7.883530643714158,-7.974611231008537,-7.975981187591927,-7.679245226594919,-6.98451156954921,-6.191137382589842,-5.7568425915342845,-5.815256170198152,-6.280703379007112,-6.553635472698051,-6.291346129335668,-5.881134112971333,-5.407162590178642,-4.661140665707974,-3.688002332235533,-2.8852736277868454,-2.478882391483255,-2.3827558927667214,-2.5247978920139404,-2.7839267892422237,-3.0184405473343836,-3.2203986891308607,-3.3453077400717195,-3.5500955591372825,-3.1401879180232024,-2.9658078894369337,-3.179110316411031,-3.2455812167816602
-9.295923952035622,-10.11170152573646,-10.74870437466478,-11.113024028477215,-11.294039474161355,-11.234680796945357,-10.403239450468993,-8.545269968100236,-6.7243969258279614,-5.938420901521194,-6.551055493800865,-7.006641616073174,-6.895331413929226,-7.319053837662492,-7.655263835931144,-7.727846450849983,-7.771820351277406,-7.570117047871187,-6.981993692687104,-6.285852583554081,-5.9445029483292675,-6.06293808843745,-6.454106893697605,-6.667882410430104,-6.357771139019204,-5.795917686175575,-5.133875446828943,-4.227622972265972,-3.3192437953550593,-2.834934259271022,-2.765177594681237,-2.8871652610132026,-3.1515402459971864,-3.4284663500044195,-3.6325178763381167,-3.7984601133926805,-3.919427619577716,-4.00437725138153,-4.024570201573862,-4.172279757857489,-3.24895498034814,-3.5247850554534885,-3.8755561228649302
-9.468689741321743,-10.038398980607088,-10.4051866868321,-10.592116359780738,-10.605992362136996,-10.025565582846442,-8.508243936081533,-6.817802172220434,-6.0690696032276366,-6.425810904702996,-6.978226696208144,-6.925209191825515,-7.0978392819924805,-7.499496365173291,-7.608367035754287,-7.617192551852265,-7.493771637509632,-6.978942572171886,-6.346908909455986,-6.082305995022151,-6.254268399049184,-6.595618850389151,-6.700322600868374,-6.296979172075244,-5.568419956477983,-4.758663921190178,-3.898377279716044,-3.2467719256620824,-3.1012901758864,-3.2709198200318514,-3.532959806318185,-3.8243244971566703,-4.0709769803856,-4.257846329120959,-4.420768225845206,-4.546963427764218,-4.621442740592596,-4.643655530871559,-4.60809192335016,-4.541217603162792,-3.5055008167684854,-3.4378920238536295,-4.185804581294277
-9.342911772668462,-9.70028316067582,-9.90263164598779,-9.892278596878626,-9.428403539326766,-8.181534951070294,-6.68356351321496,-6.043572239136708,-6.374176241102432,-6.8787437682897785,-6.962966141430357,-7.049562992833322,-7.405375197538637,-7.615205984417327,-7.588686304354923,-7.456177581896858,-7.021325112179846,-6.420196439321273,-6.209238186263322,-6.426449260272248,-6.686109054341655,-6.6364270211822,-6.1080822711273,-5.2749902667896285,-4.4383259745045525,-3.775051690476518,-3.4548092291831094,-3.5585558732440346,-3.9152778808255415,-4.267014670514224,-4.550270501898072,-4.772496946291671,-4.966120925129939,-5.158179476413935,-5.3272228399582415,-5.4296051008532995,-5.462326377780853,-5.419259996275933,-5.307008975645575,-5.156889861662562,-3.969137969368917,-4.0186695477467165,-4.841473341152008
-9.089001179874407,-9.275773180306517,-9.192549122764584,-8.710548295671456,-7.677975006256709,-6.394832626354044,-5.886336216472264,-6.288202470292312,-6.763534169791992,-6.896187429544335,-7.0029046254053515,-7.327847379200473,-7.617773143294876,-7.643944864698131,-7.451996952937909,-7.088230771188891,-6.576514792043387,-6.364623699298835,-6.582366777178186,-6.721831418566017,-6.458146466873605,-5.791639622371291,-4.955885751885975,-4.259687417700049,-3.8764865160121253,-3.84945307087632,-4.123772074489477,-4.565492087162994,-4.977995702652976,-5.274076114860802,-5.506591860004919,-5.726164434669794,-5.9554023788393184,-6.1683878225505815,-6.323852804208332,-6.396246795854567,-6.3840549085197225,-6.305048784203333,-6.178139168029442,-6.097074938811238,-5.940015927745403,-5.337840921264751,-5.723862713396037
-8.714681274713445,-8.528349423519778,-7.992032999839929,-7.115178531280247,-6.12561853899408,-5.722175992358571,-6.170690422785771,-6.6624096064803,-6.811854601712929,-6.919825149181896,-7.225773441504167,-7.537323630077387,-7.63234644061216,-7.4541486681614835,-7.139288173907749,-6.782798112532547,-6.564491366971605,-6.676288885169449,-6.669352562933101,-6.178148359943222,-5.413867444983849,-4.6897925046312015,-4.254863860809655,-4.165703995661726,-4.3436509262575145,-4.70781850034844,-5.1729885432320994,-5.610756123882836,-5.940994959553557,-6.194350577034302,-6.429614915381715,-6.673820627551539,-6.911994395678427,-7.103720701848815,-7.217957995100882,-7.2510795660942104,-7.221026579124931,-7.166862983288529,-7.125298899843903,-7.112739030065247,-7.148668335799772,-6.279764588762208,-6.557452814605683
-7.85586406855166,-7.296713587462931,-6.585299777780116,-5.925231533901825,-5.7130635334283415,-6.114639799344055,-6.597573685236493,-6.773756102194615,-6.874836894942963,-7.133929217382768,-7.413172054745116,-7.525813974705318,-7.409735400363945,-7.181224679367397,-6.957066683202983,-6.762156321013804,-6.684501182077808,-6.499187217920211,-5.864655885883561,-5.089432367064254,-4.581765047186671,-4.440023298273933,-4.590558582615681,-4.898195592874324,-5.2946586364819295,-5.736538936276649,-6.162357958765369,-6.514330618480759,-6.785657742475889,-7.013857758030048,-7.241143767561404,-7.476151225031661,-7.684615870467639,-7.8300644849428345,-7.901796044672734,-7.921427751687376,-7.928500340472107,-7.952664061534733,-8.00602716410292,-7.996458346606649,-7.982662771637506,-7.376574301470386,-6.502124532360181
-6.5581888016705445,-6.039316938398914,-5.724701248208282,-5.775410765502127,-6.1784919674795,-6.598366586563823,-6.787670933855104,-6.880711184967239,-7.07921462814161,-7.3115753349979675,-7.413240339078784,-7.353535733621627,-7.20495610115925,-7.042591126187015,-6.837882007260604,-6.588398735170698,-6.220673871161434,-5.5789930214986505,-4.935367424681702,-4.6818683739255915,-4.795765432235736,-5.104494351645625,-5.488190460261598,-5.885810359553296,-6.283594143130555,-6.665301084381005,-6.99761947779972,-7.265426563172386,-7.478310564680946,-7.670850722956693,-7.8758263618822655,-8.08346560675703,-8.25196792174812,-8.355642686617497,-8.41162996099193,-8.462794328217958,-8.537718886382837,-8.626347103568287,-8.686348839024127,-8.611885141376598,-8.46248168203396,-7.967590515064707,-5.870176796513099
-5.494403352650621,-5.483366359605005,-5.7638862502126464,-6.1976981986936535,-6.578845983845717,-6.79043347197258,-6.9049902183868275,-7.042188094300917,-7.226543437445216,-7.34172766252765,-7.3302063810102265,-7.219994893565216,-7.0351739091965335,-6.7651894810095445,-6.39446038847238,-5.921382836533987,-5.374260680389487,-4.978974819431631,-4.975346910198783,-5.272007664942849,-5.666450500574487,-6.075553559269214,-6.458086116407339,-6.808100907375594,-7.132369009169726,-7.418357079405361,-7.650097173251151,-7.829775422181031,-7.986927872194546,-8.156810975661061,-8.345375144301357,-8.522668459684503,-8.648599089318134,-8.72737258491687,-8.79788597915418,-8.885926276732604,-8.976654053098734,-9.024333018071086,-8.96796394645445,-8.75852073674598,-8.424134991851995,-7.94789330661899,-6.607662625548397
-5.278184374948037,-5.664006600620199,-6.081816100913458,-6.423790989301486,-6.665642618590632,-6.838293863914559,-6.9862735973800305,-7.14244141009291,-7.277550652064061,-7.314714975457306,-7.2042937933465545,-6.945447392976623,-6.570297032075552,-6.121266133252285,-5.656355191125076,-5.2876132653033965,-5.181984240037784,-5.4019227199422035,-5.801177208512133,-6.221379014872403,-6.603640292529273,-6.939909213883868,-7.238317101767251,-7.515323840637059,-7.7570119491615515,-7.941426093868296,-8.072054439132343,-8.185001833560902,-8.320279767658217,-8.491644663337762,-8.67051765139534,-8.813114321781539,-8.903997767662567,-8.972564170034111,-9.040883365295867,-9.096228730856048,-9.108049748362035,-9.043087873020994,-8.88380169421603,-8.657193480261721,-8.425742505020123,-8.244571012414921,-8.357367681363383
-5.576006525416179,-5.91445110457526,-6.174861908436079,-6.397649082538801,-6.624476504939577,-6.850097061534106,-7.058087438465643,-7.210679340591675,-7.242849674531136,-7.0949063354195605,-6.748883327056188,-6.282773989387808,-5.822066988963721,-5.474239805545899,-5.338881005768275,-5.480038935619655,-5.847161358820152,-6.292358153376016,-6.696853978121463,-7.028358667218276,-7.292872901514959,-7.5190513353084,-7.737124437314682,-7.946971531213777,-8.107064371173166,-8.202065917160564,-8.270787742552868,-8.369203559128163,-8.523709440300136,-8.711511524772064,-8.879439258277083,-8.990964025337089,-9.055670923901639,-9.092805053788366,-9.104454998963721,-9.081271250874117,-9.023233886786171,-8.941176934570132,-8.866766822844474,-8.830222333685022,-8.824239531368415,-8.802335678454906,-8.669988789365165
-5.796579741233263,-5.952703423769338,-6.112733895715057,-6.35564700947357,-6.665459467785645,-6.952990794993491,-7.1097309364393295,-7.078334312558703,-6.849448116087402,-6.445783949125095,-5.964486450225473,-5.5770243354404885,-5.418106483059335,-5.509454648222989,-5.814567060776599,-6.2369478836970655,-6.659742557654282,-7.015021165009044,-7.291282114680387,-7.498312844916795,-7.660905239641483,-7.8141194401946406,-7.978344357077562,-8.131011773840413,-8.231890986954108,-8.290632347715746,-8.366555533211454,-8.505029217855236,-8.70077609632967,-8.90053656922667,-9.04932569549614,-9.127981901947642,-9.147059520370544,-9.124070795193736,-9.078935491003625,-9.040560522457154,-9.044006810347534,-9.117669645985213,-9.256602365157498,-9.40110084778108,-9.44562321565387,-9.284579661844385,-8.771061620533388
-5.8206278363127115,-5.930529856385585,-6.171662063801141,-6.527974390617401,-6.835037134258553,-6.934740687781357,-6.796784686133507,-6.484427584939532,-6.073227561756502,-5.676945492608933,-5.450522523707502,-5.485321750000006,-5.751243344633651,-6.134442365315846,-6.540196331379365,-6.886595943928913,-7.155694131970105,-7.366443768900032,-7.540166651896942,-7.684974585996231,-7.810619893418361,-7.939829045301398,-8.080166961603988,-8.205371447358544,-8.299331654707268,-8.391778456290535,-8.528739986384243,-8.722701218854766,-8.938062958180584,-9.117876345055597,-9.219387386266554,-9.236830391306277,-9.193542790485713,-9.132764549680283,-9.1102547548637,-9.175271259325324,-9.351805968403072,-9.61050706194698,-9.84236886738475,-9.905083119422748,-9.694588778001462,-9.193961240399124,-8.435926923026804
-5.863113290451365,-6.117102760042336,-6.470191594896237,-6.71759618956879,-6.691932583914207,-6.42988475863401,-6.067317087298959,-5.71850031495489,-5.487828841854833,-5.467044104565701,-5.664384387125928,-6.009195992552669,-6.397993028736967,-6.7418592883615345,-6.995893568959121,-7.1704594968476405,-7.311336777792751,-7.455648570652729,-7.614079159325911,-7.7723261772723236,-7.918160125632035,-8.058955144736167,-8.201025741379302,-8.336425676599847,-8.471359667473509,-8.627395706379545,-8.814924970309427,-9.017751357232322,-9.193625743131284,-9.301584443195607,-9.313441111037854,-9.253843258406693,-9.185446786684174,-9.174741148382438,-9.276708714046034,-9.502217231817196,-9.806122667183388,-10.058311203890876,-10.089300508951599,-9.802629837559,-9.229240736239994,-8.47736088502351,-7.522020419068355
-6.120956580819644,-6.415200505399891,-6.548847581989006,-6.382728324423535,-6.0254530859430115,-5.674209321051849,-5.449145435754778,-5.421595971854412,-5.593538621078367,-5.901901156613668,-6.259074698765033,-6.589064078215986,-6.845750656845305,-7.014980276326925,-7.119760160268418,-7.214560626298412,-7.344573288230236,-7.523960914050714,-7.732911890831365,-7.938596441619781,-8.118837340510117,-8.27822145549953,-8.430556580287028,-8.58543748349683,-8.752629698547953,-8.93129587232704,-9.108025532643502,-9.256096463235245,-9.341089980376301,-9.334816785974466,-9.255410411124151,-9.17379354944092,-9.173593174311689,-9.300873110760367,-9.549054052252309,-9.843065092760984,-10.056339368525794,-10.022556677493771,-9.642686692280646,-8.973936752077822,-8.146080932980771,-7.207248318286827,-6.190235272980886
-6.244956319555843,-6.241361038181486,-5.99405408766141,-5.625520196733885,-5.3629015175658115,-5.307474124939132,-5.460675586231499,-5.765999524570438,-6.124096556142912,-6.453526304371863,-6.70915606803505,-6.8755731002066,-6.976365800599763,-7.04828713427924,-7.137152232769876,-7.286900108073329,-7.503667124271743,-7.7613635970518216,-8.02115456757382,-8.246843949769325,-8.427930002157975,-8.574794991695683,-8.710645986873905,-8.850640469668827,-9.000107038359134,-9.146981834750395,-9.26865759642989,-9.331860480146322,-9.308594037605825,-9.208337664552902,-9.110952857098127,-9.10174284223306,-9.23017430218756,-9.471912859642444,-9.732498753528878,-9.871676877857064,-9.740962863218106,-9.249478327779737,-8.461520293223757,-7.5231508339618,-6.5420858221372615,-5.650052425265518,-5.110557972819263
-5.787581376682322,-5.549880746109586,-5.285280916552953,-5.1741360107687475,-5.295456567826868,-5.5758082185157285,-5.930984535322962,-6.282419707638567,-6.564764128431647,-6.75195768810625,-6.858970068591808,-6.922872470892772,-6.991195185107744,-7.106555972279687,-7.299755730828529,-7.570534425538846,-7.880232004792499,-8.177953171405589,-8.427327735598352,-8.611949010125121,-8.737404011054716,-8.826683919557421,-8.906362152211377,-8.997084640344443,-9.103674176190637,-9.209030861697654,-9.269434062645773,-9.24724304081136,-9.14617661570642,-9.033749318262846,-9.006897046712066,-9.11139295906663,-9.31564832105941,-9.515770426343764,-9.563970961615402,-9.318435281218449,-8.708933600738314,-7.795253072699874,-6.735605524097711,-5.706562266865849,-4.9224924257637355,-4.616513298820566,-4.806374901999344
-5.143384152481466,-5.049327331484816,-5.1178123466937055,-5.37218445286148,-5.720211580909791,-6.069737968630319,-6.37710669885662,-6.603989879028042,-6.7420873522922715,-6.819792207985909,-6.88786696652307,-6.984957499560194,-7.140723533532014,-7.376280439133787,-7.689547976670625,-8.040256261152726,-8.370048213775913,-8.628566601297866,-8.79711698215714,-8.887014697165927,-8.921782721865625,-8.93022309897936,-8.947905117897976,-9.004092521306518,-9.091865415822728,-9.160828038319764,-9.159359698449885,-9.074543638139092,-8.96145702658819,-8.917215211990284,-8.993959978374004,-9.152770924639343,-9.283648532112537,-9.241994838404004,-8.901133440430646,-8.20406721761077,-7.190066382911835,-6.02148642749451,-4.960727474454756,-4.285346266952308,-4.211113413680283,-4.627221553935351,-5.217594835159316
