opendap2json/jsonWind/wind.json
{"header": {"productDefinitionTemplate": 0, "surface1Type": 103, "productStatus": 0, "disciplineName": "Meteorological products", "subDivisions": 0, "winds": "true", "parameterNumberName": "U-component_of_wind", "discipline": 0, "surface2Value": 0.0, "significanceOfRTName": "Start of forecast", "surface2TypeName": "Missing", "surface2Type": 255, "productTypeName": "Forecast products", "dx": 0.25, "dy": 0.25, "numberPoints": 47632, "productStatusName": "Operational products", "gribEdition": 2, "parameterUnit": "m.s-1", "forecastTime": 0, "refTime": "2018-09-09 02:00:00", "productType": 1, "genProcessTypeName": "Forecast", "scanMode": 0, "genProcessType": 2, "gribLength": 76420, "significanceOfRT": 1, "productDefinitionTemplateName": "Analysis/forecast at horizontal level/layer at a point in time", "centerName": "US National Weather Service - NCEP(WMC)", "la1": 34.8260498046875, "la2": -16.908050537109375, "lo2": 62.47987747192383, "gridUnits": "degrees", "surface1Value": 10.0, "shapeName": "Earth spherical with radius of 6,371,229.0 m", "surface1TypeName": "Specified height level above ground", "nx": 229, "ny": 208, "lo1": 27.644428253173828, "basicAngle": 0, "gridDefinitionTemplate": 0, "shape": 6, "parameterNumber": 3, "subcenter": 0, "parameterCategoryName": "Momentum", "parameterCategory": 2, "center": 7, "gridDefinitionTemplateName": "Latitude_Longitude", "resolution": 48}, "data":
[rows 152 to 170 of 208, columns 43 to 85 of 229]
4.051993584498091,4.272646329645857,4.740005855343269,4.466322963532654,3.7666436705306263,4.63545266527526,6.777205748993043,8.116542915356012,8.557413095269666,8.985895940385516,10.014875071732842,10.432461839691944,8.721753929616396,7.602950744619874,7.207724025938974,6.45073311883307,6.246237265995649,5.3926324529394885,4.606250973562559,4.946902250589797,5.423593583674782,5.995982014806293,6.148312594719642,5.924357662673314,5.6474221470318735,5.1631496198144085,4.870078905839456,4.734292108591165,4.655570744777646,4.581930750215404,4.229939046753582,4.064783969700867,5.061890234152278,6.492998884793751,6.766372532838463,6.696553748011335,6.405180348538768,6.141126064179729,5.9818069146056185,5.779358811907122,5.436114485519096,5.181381399136838,4.907701548960084
4.282501220430995,4.568569372227889,4.760236362031622,4.410525071183839,3.3887212931942248,4.291074329668325,6.1650353525796024,7.536196177126524,8.104590808743847,8.573883344327568,9.59465666857643,10.30680848476312,8.997081525484553,7.847314948757974,8.79270278919056,8.378009710505086,7.707604443292975,6.998834733893396,5.528458524871009,4.959481414210265,5.350387190477046,6.008331896815226,6.3783042623001505,6.2706776581110795,5.952103846270995,5.114017179770371,4.265622564725547,4.200177675387494,4.4316830917076215,4.709064115017878,4.533105092292506,4.623427516292105,5.501376204802349,6.541154225017206,6.636219516319787,6.463802975332555,6.366561444931015,6.197973573932991,5.969281216378835,5.731735373607838,5.471691931974822,5.273242246724154,5.118310354057282
3.933602713256856,4.287554260224953,4.294397026751062,3.8445776441821464,3.543435372587745,4.725659494652158,6.225850385559863,7.357542912233006,7.964452771472267,8.40839807792536,9.296597317199627,10.079204083631126,9.711167071849054,9.085089812415704,9.302450423775003,9.022745875040364,8.572844736890218,8.147606708109741,6.774971162075535,5.312223196261692,5.260051447439895,5.785243544570865,6.29089154389286,6.284868868262455,5.888316524536842,5.167839438516305,4.294990669510724,4.126270320792239,4.475697722886422,4.918054116095689,4.92929613751493,5.105869477176332,6.025535667387102,6.726023392291051,6.543923706043761,6.321412485021287,6.197866691315425,6.019046392344512,5.788167500489322,5.538136595716337,5.344038312639736,5.20849712772719,5.140585321510834
3.48336622740666,3.7899180912216326,3.9917030676868372,4.000022833969841,4.242520471412826,5.674880751811819,6.94137550463597,7.681653270829063,8.16007700628324,8.572643504974565,9.065607809471844,9.68914249540888,9.937308083120598,9.810497736800887,9.549829870119442,9.122857040009587,8.7837995878463,8.554532089686445,7.1162746131197006,5.57606556877085,5.53517935996024,5.878030621619276,6.076292251376131,5.931091133725587,5.491697766233222,5.019756359257857,4.479148501765694,4.299744382939062,4.642238156323532,5.029060299115261,5.007608032381326,5.346311751038265,6.380428956962504,6.881932020935359,6.68960851762173,6.399406588004425,6.179981205508213,5.905332681013685,5.6221512617032525,5.375984471064031,5.227251492220746,5.134073038954519,5.089921084739102
3.6021031492526356,3.6702007656741458,3.9043687017841497,4.041248509413763,4.439075844105962,5.977937820652225,7.483690985576059,8.122525201627115,8.439378503038125,8.926303010822025,9.10787908521154,9.378844068717155,9.897648076341738,10.119460016850157,9.972637335053625,9.447285590327226,9.383995048039363,8.993458407396872,7.112584799472592,5.747947991102567,5.734174627489306,6.026614561245362,5.941863433780756,5.549005198150514,4.95444423357909,4.548941907172676,4.336937427447046,4.25616619344648,4.633615585863487,4.955092287329982,4.83746299460787,5.373081174874371,6.41869665184656,6.888431580786484,6.711794500379214,6.400391512191113,6.149531714390323,5.824054668970266,5.561937216868354,5.347325810691629,5.25970286879252,5.20181463226229,5.134543655590315
3.574032137739559,3.6532819944290784,3.9371202703008294,4.078787384983456,4.114789132579263,4.869299459460987,6.873097659550836,8.02442304561471,8.521582988194561,9.227142607256539,9.030500754263244,8.146945985120237,8.86575768659406,9.757423013469683,10.087702724404618,9.790951999888334,9.844897561874081,9.366732073124819,7.346691484172634,5.906559180568749,5.870997934113049,6.028266049854452,5.774507985176903,5.196879478383213,4.540547660430769,4.030488277459697,4.079362115302461,4.189774114881664,4.458596727439929,4.8739874617883086,4.875080780873445,5.418035238827657,6.446776043868528,6.774510258549707,6.563537755989138,6.316753370805509,6.068156718215256,5.793805390151117,5.6029493335784055,5.488509458682038,5.471496921351803,5.411644848542672,5.309938083087682
3.3650783761300582,3.5382827755850395,3.953181458850506,4.319027210164517,4.288655265981403,4.140550687896269,5.088833587346555,6.9057634356860405,7.952107591715631,8.977733922320573,8.79714400830645,6.312998196608677,6.20522830187224,8.13583697050528,9.464634412975569,9.41850070133916,8.827114924997108,8.683025769049973,7.158537131799178,5.963396864397523,5.890248116780535,5.868870827762764,5.509131684392361,4.812605330375398,4.309113311307449,3.998555673415064,4.166599472847032,4.343161828451486,4.127415843786683,4.758312455922714,5.164030814150617,5.586941495000468,6.418995810684558,6.551463717244376,6.33903020622299,6.231153369446533,6.118609430030202,5.975527114442289,5.861216568774123,5.7683503999415215,5.687070401881638,5.600894152685681,5.49264801702558
3.2596808717229546,3.6268561645861674,3.9506281644853765,4.306366197379687,4.2884820060027895,3.9308490975815618,3.868168873841895,5.304775217447624,7.020207642403628,8.292963762809269,8.405717262726679,6.823139846258503,5.622354258173527,6.867581511474747,8.18859177293783,8.414463162226827,7.32388256575927,6.905609715215876,6.58214706346151,6.050994710551641,5.837220347138273,5.6667040805474995,5.26003591625854,4.683861789119832,4.365524468698227,4.402956326970533,4.4934836135836616,4.827853759283904,4.413774753593648,4.593491214453725,5.6361229842417915,5.9758308604966945,6.188428409833074,6.243984554615355,6.141696741907406,6.138588024940317,6.134582569308727,6.078526378089165,5.951479040346333,5.858259875732963,5.740654242071547,5.685928471269584,5.621243012833633
3.529309962458339,3.6928688516669173,3.805893771375108,4.05698811447321,4.055411434342572,3.8014504413384453,3.8371580888243635,4.890970924949009,6.40684459999599,7.463981736572463,8.013687648055981,7.551679541324521,6.623649489663185,6.761172070475781,7.63912240387757,7.747431144860876,6.502124576236588,5.912893266055122,5.954050409093025,5.675110120620946,5.60417682010235,5.430274463933994,5.012931688928546,4.405002992345875,4.144863425394551,4.648499655307515,4.981331644988056,5.36932279755033,5.710586201550771,5.510868437181586,5.758908745234756,5.92945392568074,5.955871709831773,6.0275334229685935,5.956731078463807,5.964673034980486,5.92614187051441,5.8950155375482725,5.74898267175465,5.627530487236577,5.546240983122772,5.6013102191493545,5.720253872592178
3.511452687418001,3.587077683790199,3.499292554308846,3.6873039839413075,3.7456912944597334,3.6189074781577406,4.076429547636725,5.114972160628567,6.517712493252302,6.994765207323412,6.775148390060686,6.815780867232493,6.595227294627948,6.809271160234655,7.457422123724803,7.971430814468068,7.253003915777308,5.5551062712195085,5.201481072429064,4.987629347472529,5.035468918799126,5.002974624196798,4.596407040119475,3.849745530579933,3.207781185776379,3.9522313032963083,5.416361231906923,6.0051401586660695,6.368299577861117,6.186315883221061,5.917096457188206,5.885314499811233,5.787341504385501,5.811324449720443,5.75488377627311,5.683671879915602,5.593000840979156,5.510194054308973,5.404939127498642,5.334211050038146,5.3526348082352095,5.573005474341644,5.8074762971573195
2.8384730531585234,3.0165883926584063,3.0118613430759416,3.234519335493052,3.4294052186291895,3.4387115798550645,4.222153551509898,5.371051543207796,6.4611757454561705,6.501625840828784,5.078629010492674,4.433828593837923,4.611445101760459,5.382969740273582,6.110577430433731,6.566722503968983,6.5291321629388195,5.118645738871181,4.32315438276749,4.096933621807739,4.168470891153832,4.277103616322503,3.9089346705051358,3.0930795043624997,2.286086308993934,3.1125883870592777,4.878162993244977,5.781473573052516,6.071269521554145,6.084070856112258,5.874810761280609,5.756196064628122,5.6588270006137735,5.541020614187738,5.4009883889355725,5.291385577880187,5.227001373831759,5.249912352277995,5.330999160967888,5.389893351809234,5.478776224728459,5.651482978008622,5.839447397785259
1.9429894667143848,2.3757620172243024,2.3219571562142858,2.396044226402098,3.1001472626953435,3.2423743017604796,3.69267964224167,4.730966107372506,5.599973317593877,5.235357515819352,3.504373777806403,2.8167081012050237,3.0251725023926763,3.56821582656191,4.213884645112439,4.334741351349006,4.16088834709073,3.528573139575775,3.383562459301588,3.5849530010749833,3.4739841901358,3.330829761257217,2.881558034424092,2.2560881536364663,1.74856345347942,2.4697847120882837,4.13032941644676,4.966106798064762,5.196608595260226,5.386537265539807,5.407956165083864,5.350837099354715,5.278317354811716,5.151245692555743,4.962875942875593,4.863980244808697,4.898035776937969,5.041778908298027,5.269893005496935,5.471989786728732,5.609472781426619,5.662966754164566,5.666928228676143
1.925841531780866,2.6855646978324668,2.475837379896302,2.085587854758128,2.509489666849035,2.9686213662772802,2.7439416977945847,2.7729662542719433,3.08026928363272,3.4739033654943126,2.4973607370841346,2.001257812184561,2.3410746140094716,2.722020872207191,2.9505062880049873,2.780402440764068,2.5662310089395706,2.437194015896788,2.8953009563892325,3.2221573911628303,3.073627886695961,2.7335476901612834,2.2958189340604376,1.7635769856790637,1.672976608764772,2.5296829889151984,3.771254735440663,4.264102352353107,4.447882898639661,4.670447123050581,4.766235742768346,4.791442980870004,4.765845559202164,4.7096546516405,4.617350292047493,4.536443985573296,4.6293117870798595,4.782983965640942,5.033289553514578,5.236354103268346,5.366414924232405,5.329626324745866,5.177069359975675
2.4255884694028715,3.2910123453280677,3.1002888963637574,2.390407549355341,2.1275349946682067,2.2907379661124176,1.7618055574268423,1.1818969587527115,1.1529691718427837,1.9323691567959969,1.9708280114608367,1.7476937924991087,1.983543635172588,2.3056683582662045,2.4348125392148714,2.4412280103266903,2.603835857448511,2.64597182726604,3.015778993499217,3.1342599529175508,2.789279168380123,2.419053182860737,2.157121207810703,1.7719007869006687,1.888270454746527,2.9147812878577604,3.761916815097338,4.052718295135924,3.9719618139639925,4.014689919826707,4.004017904987878,4.023039488982433,4.049742345875252,4.090398388106465,4.1263330311959425,4.168629535554703,4.293730382856,4.44597142730485,4.594692265032287,4.68595103135004,4.724294491497136,4.673202182374776,4.540547870256508
3.091302677000269,3.2923578764587194,3.0181874438047895,2.0429143220755135,1.4472928046709208,1.9467704279956395,1.61751749880989,0.6605316136462582,0.39716881775097257,1.2296436965315418,1.576700984770722,1.169877255444396,1.4213212964150017,1.8716059513929513,2.270401235132111,2.5754056151786293,3.074096535940695,3.2546673928189023,3.3296475541221064,3.1722247461286894,2.485659150725824,2.0632557411057255,2.000090147384982,1.9417499254651989,2.1292023115273424,3.009453013737327,3.576478740562628,3.571672147782657,3.384357949265451,3.226437367933957,3.114376710496433,3.0542039912494308,3.0800300854724285,3.1602643812521922,3.2883458325174253,3.4183865584746185,3.594067975382547,3.8163321433715094,3.9964673231398926,4.094448188195597,4.078452617018024,4.012454298552773,3.915883907647831
3.166848478904415,3.0982095443142894,2.7174746419045754,1.6147175366879065,0.8243136370823367,1.2988228519760467,1.6761175158294725,0.7650163777667938,0.2860964310647826,0.6674354759434521,0.7207984840653918,0.3979185050415612,0.7814955068971469,1.3675395535639578,1.9151428066989358,2.4645560687428323,3.119014411855317,3.287789940699766,2.9014644983546263,2.6278543036326534,2.265968852301958,1.9784819540384535,2.085837784285257,2.640293375867557,2.5737686438895144,2.975165854420329,3.184290953594357,2.898026988469599,2.640820237435664,2.42272540823152,2.2855608849688775,2.1965313991778315,2.1742862466994834,2.1980097248953907,2.2728230921263988,2.4505255330306404,2.6639551438995355,2.975763473849989,3.2600505375130058,3.4476652034700024,3.4910284726494156,3.435539107593197,3.3694342138673314
3.2786878199851883,3.178098093813282,2.9348648922392857,2.1138994272008036,1.093877105802099,1.1189237971606942,1.0880025349897284,0.671699551772797,0.26254009920153754,0.22168549364985488,0.0654810365072324,-0.37350892605798186,-0.19392717597446324,0.5262713619690305,1.139468824588212,1.7836173707250484,2.3004534389234217,2.5153013860837294,2.31251572509728,2.114718325168602,2.104204477813359,2.1583644189314932,2.13022156150385,2.7232536762006023,2.8904149382486137,2.6165543366263986,2.5701923817843424,2.4234886456064073,2.288369504428662,2.1554006367889835,2.0516154642415008,1.9439523038776885,1.8563292425291527,1.7916662229390257,1.7594838774784631,1.8333569631461197,1.9766725648192989,2.237705944971414,2.528150052661771,2.7904180878119185,2.936875727542356,2.954718301723183,2.9254398112964037
3.595180122489543,3.580805681912431,3.6076176461452953,3.365563781228961,2.4849535085713548,1.8477628474257934,0.9372001999483981,0.4253756547821022,0.28208121194094,0.15145398344626862,-0.17226188693725264,-0.6802106248088073,-0.9612383554475277,-0.6661965277017796,-0.10760517053476641,0.6362126429855408,1.1227926686442513,1.3157603082709495,1.3891710153295462,1.487501629626274,1.7786610343763967,2.1930855565288585,2.115873732883902,1.8962847104454552,1.9508894163589159,1.9421533584509116,2.134831463384074,2.2464085935852314,2.334366244016974,2.3569258370994923,2.350808180761615,2.313155326531333,2.2130220994822554,2.1104515851460586,1.9806974956662398,1.9203950538673789,1.9185175710865157,1.9866338755097712,2.1460239612496514,2.343142601719288,2.5627226531571847,2.7005689088159754,2.778163911430179
4.0063043476449005,3.9991557497245234,4.192342855549965,3.900520942134567,2.5380966226239554,1.6334201408377276,0.9092835820514471,0.2368842759200547,0.32133811103309784,0.433474351981712,0.20034950640431853,-0.23899485298013495,-0.7183059894055325,-0.8436568952871955,-0.6908271788091017,-0.36544815120920715,-0.033558306304833335,0.04965219497605549,0.21791607352385772,0.6304239182044313,1.2668854253560071,1.8519344786335183,1.9111171313085062,1.6358084130449353,1.698351288217957,1.8199123600822973,2.143522707609603,2.482747459549981,2.754688328914301,2.8807678325324826,2.940244904758888,2.9644754337975363,2.9205458382053915,2.810777476367173,2.6356970655043304,2.45043308262615,2.3482834856551755,2.3272899334615866,2.418052270532986,2.5644529590949188,2.765612476508688,2.9193432318331127,3.024546662031713
