opendap2json/asciGrid/asci_grid.grid
DSAA
300 305
13.1189575195 16.3162536621
39.1511268616 41.6311340332
-17.968344 7.0225124
[rows 171 to 189 of 305, columns 129 to 171 of 300]
-9.506889869248615 -9.691878108907884 -9.73422501014421 -9.618297352410833 -9.227512263409267 -8.468618880975434 -7.392656907865712 -6.221093757296169 -5.54140571890171 -5.740000328530814 -6.638348078127574 -7.393267177445482 -7.336400770272788 -7.128548902889533 -6.774206916970963 -6.287133694619087 -5.951830150378074 -5.82850188495368 -5.796940694300662 -5.51090508808711 -4.894805977754652 -4.436085834396002 -4.774313115538003 -5.960682190786689 -7.164879712532083 -7.864099542704481 -8.015208841329313 -7.685004803368394 -7.061090069932822 -6.392974369070409 -6.056308387262109 -6.308867250932162 -6.988924849423785 -7.806307152092237 -8.525250734019854 -8.999867421040342 -9.165190170140345 -9.523672701698539 -8.46045684564195 -7.494754380135269 -8.802376561067168 -8.76582244926106 -8.51776746778123
-9.052537156715609 -9.356348041929095 -9.526667461791693 -9.558273812875283 -9.352577786364401 -8.73568785471318 -7.669702916089857 -6.350510911876959 -5.20404783706155 -4.874612948394688 -5.549511993217416 -6.734051902589954 -7.244850726960365 -7.161801908621803 -6.891265535861489 -6.387258660518486 -5.8819361227891225 -5.560471273454689 -5.480946372860136 -5.487948066570474 -5.190174565621792 -4.51535271465745 -4.057627750187317 -4.540353485863707 -5.7056623263872535 -6.837439169954333 -7.611356981364906 -7.885298642395031 -7.6870742783390185 -7.173630350347138 -6.461294377032939 -5.786340109448229 -5.541265647079858 -5.88323252606099 -6.58704464085565 -7.289924445016133 -7.985017973278309 -7.739019892888965 -6.432837552595741 -7.380123235188565 -8.058774447833168 -8.307047594789132 -9.06795620634492
-8.497690112525628 -8.911233921112586 -9.212732305985025 -9.368700310350848 -9.314780218261157 -8.886514880400336 -7.939485800388243 -6.563113771692313 -5.128873809551436 -4.302326432142858 -4.535399984413988 -5.765646002579034 -6.77826033620621 -7.009635989818925 -6.895472706102247 -6.476137048254496 -5.895904198641771 -5.388710945071887 -5.112010722211013 -5.127708350879377 -5.184256843715832 -4.784723313685257 -4.028933722432347 -3.7493964354075295 -4.293872681965352 -5.336394369336313 -6.462118379328692 -7.372721991100112 -7.792178697654771 -7.719970882256415 -7.26049154484314 -6.570283240346635 -5.75568747528605 -5.125723800000926 -5.041451341175791 -5.496834434206034 -5.808187998681391 -4.604940405988906 -5.648619430841491 -6.176669577042457 -6.655489524967978 -7.465932988134376 -7.954323111444495
-7.968233574335763 -8.444846561243963 -8.8465365633943 -9.080920566841627 -9.098301040061287 -8.820031323084562 -8.080877655035927 -6.79116718061992 -5.196858761164118 -3.9582020767007493 -3.7611046373630215 -4.790639685136021 -6.036747378968477 -6.595875586096003 -6.686378864975083 -6.461501644324999 -5.924248554801682 -5.28412284927394 -4.807389729977397 -4.6438951769737375 -4.835488228977638 -4.826368894084337 -4.222980231156331 -3.620398612211154 -3.4673986423714815 -3.934190144958978 -4.891076101074426 -6.12290277786343 -7.1685032435337686 -7.7235339000123355 -7.705372418479154 -7.224423191015496 -6.60942000386346 -5.877957181262902 -5.097719254415979 -4.751816419956577 -2.9986058242720226 -3.3085493134584967 -4.542450930840386 -5.22945927694251 -5.977882619807704 -6.699616309693182 -7.045629970876071
-7.5557553083239615 -8.041101815320406 -8.482969469909921 -8.754994816995623 -8.77385325868559 -8.538321366936788 -7.974613012495544 -6.903819442797548 -5.335949475038124 -3.7957126204600415 -3.190793504498673 -3.9803305166809806 -5.318271005499733 -6.085783328677044 -6.2880405257865295 -6.262085755536068 -5.877640728926066 -5.1938387608884575 -4.546993128638782 -4.146736152362468 -4.277029121604676 -4.593242998265198 -4.275431377842217 -3.7128971113194305 -3.273105538525878 -3.0871742236939226 -3.4592568967700035 -4.4653607671686695 -5.838436221110646 -6.967964458268211 -7.576127330769764 -7.510449175027511 -7.087185988882296 -6.580371779872387 -6.007368895929062 -5.558654356546069 -3.8110037867938873 -3.2685392279096943 -3.987974398208137 -4.502359634736209 -5.238378426589287 -5.798650413483081 -6.094933487543418
-7.288850003593885 -7.749427256102577 -8.165219642270955 -8.44246719295441 -8.449946656428631 -8.171336640873207 -7.63105754651902 -6.755164848490663 -5.392316615027834 -3.770601284821684 -2.8035113741147746 -3.358930715118295 -4.7979633020340575 -5.698981329956871 -5.892362947940704 -5.916742158501669 -5.678982446172311 -5.03767739010422 -4.28458949992796 -3.655985078200361 -3.5897565960174105 -4.143006584822636 -4.187422529728419 -3.682824476181083 -3.2932856629827887 -2.83185192155683 -2.5673863664671877 -2.9839287031506676 -4.1407327029269245 -5.562487161617801 -6.705380487751698 -7.197049388161738 -7.1181671747885025 -6.8218433611406475 -6.313537044609328 -6.221527218501592 -4.149160734579312 -3.344183341651572 -3.559139378092198 -3.8451511544762007 -4.427972651107912 -4.978182429438745 -5.5075523006517075
-7.045555640028711 -7.473916479891908 -7.800945047328971 -8.091799552903904 -8.176542442449664 -7.870313950771536 -7.188462145723959 -6.303695676524931 -5.198637993086464 -3.7510098971172603 -2.565437783466582 -2.885102769256993 -4.472684105986743 -5.560648851130701 -5.6895820327734965 -5.580154604136771 -5.35010240917728 -4.751450671566991 -3.967344236768276 -3.1652575389801125 -2.827984758728075 -3.486408091973749 -3.995032729269888 -3.6345769587378407 -3.179338889589856 -2.7592389080267106 -2.1934341368554877 -2.011248008513962 -2.649745782023606 -3.921153219338785 -5.285745939148688 -6.238031124052231 -6.5677986109544975 -6.453244202525516 -6.581640445269576 -4.98652649596127 -3.745834117189902 -4.037882770261777 -3.912456890078014 -3.901711674888592 -3.932260979414219 -4.191144152001954 -4.8999455579477225
-6.643895758304791 -7.002893933189634 -7.40903428001905 -7.989957623373242 -8.032118064345104 -7.573669255371443 -6.7490562892372425 -5.741929260489397 -4.704306615983924 -3.546531342153988 -2.418837861063556 -2.5343337560739503 -4.238937854360477 -5.634715007502674 -5.7287324452634065 -5.353507298520611 -4.960541837057418 -4.311791985645787 -3.525480142695339 -2.6379357801505736 -2.027681519757384 -2.68492376421836 -3.651634901417233 -3.5961586368871914 -3.0413175147582665 -2.582181844457859 -1.9382664812766355 -1.449775086459526 -1.6670060710238597 -2.5762400110722137 -3.744161402412313 -4.862515064477286 -5.420704008821188 -5.808874103055497 -4.987394031183844 -3.8410336568443584 -4.652733003698782 -4.9339576078536105 -4.832682481417462 -4.543000398579413 -4.083827806452117 -3.7054376083336145 -3.783661809534811
-6.116782859063711 -6.31116228540259 -6.025005870782104 -6.604147483626846 -8.069638950570479 -7.747739585481335 -6.728462959208192 -5.228741651130251 -4.068350278251703 -3.0847003016249346 -2.212133453006891 -2.25260799190385 -4.022779247994096 -5.788498886690051 -5.963612786126662 -5.322714975863111 -4.651005042763932 -3.7825095542203138 -2.8840219263882885 -1.9759771330218505 -1.1762521869928908 -1.7780635730699559 -3.1676215214977663 -3.483515163561152 -2.8744448180416353 -2.326121939553514 -1.6153761619529603 -1.0372882697981118 -1.0325223015576295 -1.6460542815617683 -2.5418671239272657 -3.540945222863252 -4.225998076763192 -4.256087107304766 -3.260395758980798 -4.273281391546279 -5.105240332330288 -5.978185670819626 -6.040011888130531 -5.810834817924586 -5.497155461509644 -4.854248471636119 -4.0979774295939535
-5.14149001249959 -4.549386171046947 -4.232553186700148 -5.774863551274477 -6.95715881634463 -6.756016214572764 -5.727346189235673 -4.806803330369364 -3.5046415619746427 -2.526043732219141 -1.836958270873359 -1.9398213279406529 -3.8297467057618335 -6.016757632990078 -6.390769544923 -5.476231731473646 -4.422515677360225 -3.2062300184938333 -2.0880063764344 -1.1405639594900563 -0.22762777996597258 -0.8098112082987172 -2.614633763440998 -3.2964953851809984 -2.6503989209685046 -2.0035141085798416 -1.2262714692904686 -0.7571754713959499 -0.8762986860480289 -1.3959491790296608 -1.8244403700522356 -2.106719631097128 -2.601842008565683 -2.3465329487378694 -2.9530555775788323 -3.861708986828831 -5.082919444507703 -6.757449880275666 -6.7947708283652855 -6.38631615795433 -6.2085807007163 -5.986893460268079 -5.628079720366119
-3.4035439340329736 -3.312039624290046 -4.002503220042685 -5.329430602637321 -5.923722088734148 -6.584771370024774 -5.814733858528391 -4.583925968144483 -2.9595506769296183 -1.9810594231938268 -1.3438707902179845 -1.5972156251925615 -3.6293613194727263 -6.265693036623662 -6.91649020324214 -5.835919453878279 -4.3824033464782595 -2.822502882723132 -1.3539238937783642 -0.17810749426637054 0.8574202124295105 0.15884820052815485 -2.0747919224968556 -3.0577352697839855 -2.3699701490490854 -1.6091155447516923 -0.7341114943140444 -0.5593861214787897 -1.670183452175924 -2.6468629197218205 -2.4777357879316892 -1.8693713609066784 -1.6216148779564914 -1.1061273345638676 -0.8845906575781294 -1.5514697668764714 -3.8336094311314426 -6.520896042130533 -7.632675561807544 -7.646370482604447 -6.801843313016638 -6.691662161807596 -6.178995534701443
-3.761864855287869 -3.2013860975513286 -3.0288360247592028 -3.929636825179746 -6.17844745404615 -7.828358357652173 -6.955408107168345 -4.654504165492057 -2.59814333008859 -1.274074685292354 -1.0002984165522075 -1.3255274427432775 -3.3545255498517244 -6.369938891417279 -7.472710100495712 -6.136432510211562 -4.2482153184951486 -2.4231655528137384 -0.6125552111385093 0.8118826285004999 1.9717950814555907 0.9446438760452768 -1.7005544401666033 -2.8219296522163284 -2.081665913085263 -1.1584317698920874 -0.1285320809446129 0.16759692282770167 -2.0519075405638962 -5.057688742382231 -5.355665220581651 -3.9030881539612574 -1.964463326012027 -0.7545154260869597 -0.3869178323479986 -1.132305573422821 -2.951975783940854 -5.658521376092653 -7.808581201991866 -8.268686150056435 -7.950551619358829 -7.020440567711474 -6.375622387576011
-4.497044224223264 -2.632794453848904 -1.0671259670149438 -2.3315725709174093 -6.253164801271436 -8.61628464196956 -7.567142029267858 -4.9916579051342165 -2.422019978324953 -1.3688801887347741 -0.9504216261211216 -0.9930236894627549 -2.8240463133284694 -6.271825297304539 -8.042944163283888 -5.471999597076371 -3.6245472424859213 -1.8119244248325928 0.05367235963283265 1.766152748925332 2.9693030283818227 1.4872209464881168 -1.5464037090386016 -2.6781673361235674 -1.847624467236418 -0.7477024377086375 0.4567667469178465 0.9975384832510795 -1.2645887295758818 -5.227370148001636 -6.791728073309708 -4.741919271735655 -3.040437560519349 -2.3155445308128995 -2.005930473985117 -2.3152943189192876 -3.1682469938711972 -4.78982294732403 -7.015769106671803 -8.123670360845372 -7.842563703493977 -7.374894878472542 -7.053413335162298
-4.459534781150322 -1.0674260852782331 0.8281371876727257 -1.1985038274241862 -6.717239342132204 -9.109305503523476 -7.709992403026763 -5.046565304616605 -3.086971844684971 -2.1038169540474767 -1.1361939797516878 -0.5517788071256929 -1.8524957833944322 -4.7997124463705685 -6.672570655085145 -6.457465980587654 -4.463442313120882 -1.5923529040570017 0.5672635487853571 2.4287476845216625 3.294941267132244 1.6421055865783405 -1.6052465302900687 -2.5224737339345906 -1.6245137172968767 -0.3935058401581323 0.9328789966893017 1.5050899667739255 -0.9017969817892925 -5.038523893906787 -5.952882207944565 -4.441301672983808 -3.72474856128574 -2.795018229029975 -2.410347070076421 -2.8620017125843598 -3.560412156482173 -4.350383561233782 -6.014425375493884 -7.296045800621085 -7.656191189263044 -8.06829047167235 -7.903011674380924
-2.7373526646520108 -0.04517167711321129 2.4736086132309953 0.24534809456981035 -6.198817050600231 -9.267160623457764 -8.032833695571844 -5.829078212869947 -4.278036610994038 -2.7669211131061613 -1.0804662608090996 -0.29504070268855265 -1.800234413771458 -4.480442917477602 -6.336646455244807 -6.4121071513682235 -4.394842887126096 -1.389682382030685 0.9769894395862332 2.541734918019108 3.1467417112259435 1.3907789178073915 -1.9776914407986723 -2.3130292039995743 -1.2969458642405105 0.0006106207718149913 1.3434362658885972 1.8802277596432544 -0.08681932046237895 -3.577096060041109 -5.266505852750767 -5.100672051731939 -4.162321604748708 -2.99026678583891 -2.4998724053721824 -3.049133697703405 -3.7773946051193694 -4.286680965412373 -5.277499097990674 -6.823805049716173 -8.265190026784987 -8.678230278609393 -8.269713834698402
-2.4510005768694416 0.8563964424662092 2.7985422431741322 0.27456550637918853 -6.632287943118049 -10.506430746563268 -9.520735159344362 -7.733637391520581 -5.415097066328338 -2.867759399968829 -1.0811017988184712 -0.740573031614463 -2.3748850227988103 -4.595787895323583 -6.05493796224029 -6.05061929259459 -4.19491750261941 -1.1551937146738274 1.6193754232254016 3.323426266489972 3.245165302954778 0.4003466782921369 -2.461218196893561 -2.0699566537216443 -0.826125482508567 0.5730322640222522 1.868782419947929 2.0415827728556972 -0.24236758818177534 -3.778926310790574 -5.365326747513313 -5.264690877310024 -4.655444592655233 -3.3695660159930485 -2.819330736498243 -3.3357415359844285 -4.2698031180789835 -4.581014480241649 -5.035647135070756 -6.542030315375092 -8.257892117826598 -9.086776912155836 -8.96084269899418
-1.3428010553856637 1.839961778470507 2.6792506078181324 -0.47190676640641827 -7.457698654026483 -11.094597797051733 -10.941552290830945 -9.357818943999359 -5.942731717501672 -3.148769358011785 -1.577014192351766 -1.5357769663915906 -2.63546114428684 -4.341590593422381 -5.612453247799088 -5.567519535144962 -3.500808425062725 -0.46921117939443857 2.1116371129555063 3.570790886307228 2.72207247659952 -1.2911072310475384 -2.664311023467533 -1.9200769770517088 -0.3000866929529811 1.118280842760318 2.1416297558452273 1.7730759528999271 -0.9136219573152504 -4.380555943949734 -5.4780499100476385 -5.280916171246548 -4.8158475386228465 -3.4270453305907074 -2.565574100530947 -3.208720366312997 -4.918170922713203 -5.424539690770429 -5.024166505979062 -5.602746206456295 -7.282591618431411 -9.188378677076564 -9.263029913575656
0.18624642829037524 1.9017545162125988 1.0994073027107814 -3.4481068446787866 -9.163829961818085 -11.195949517324863 -10.855283867845378 -9.294687073734153 -6.522540672845254 -4.089865080672211 -2.236218218126072 -2.102716841297882 -2.7273654289077696 -4.08832333493962 -5.180995849860572 -4.980530109695071 -2.864306579345085 0.19972912689607275 2.511089373912873 3.3036105074037216 0.6536657138363166 -2.9829009833347473 -3.080150810000347 -1.859364532794643 0.17836945074683694 1.3710348732603739 2.352211223253987 2.08321237644768 -1.2567447583202696 -4.9208736334085685 -5.749884383476719 -5.3652671316513825 -4.6211993483715395 -3.287925319651516 -2.486994705195812 -3.163456295137833 -5.205754952721045 -6.213308412250625 -5.492656808679177 -5.0788446925290796 -6.241263237036417 -8.277409218126891 -9.583896579646481
0.4902075672005078 0.5537094214241218 -1.8728525805765468 -6.580179758133892 -10.442263856193481 -11.546774490584973 -10.601007723127811 -9.60116837104679 -7.441805423358567 -4.784239014329504 -2.8447757214865033 -2.404104876520448 -2.866342247622769 -3.7961199937960775 -4.8029277851272285 -4.503502894289456 -2.248143196262867 0.8114457730986732 2.4091992698036093 1.2911480503982862 -2.6204464040067466 -4.756812032263279 -3.486454325268349 -1.6457403588295605 0.33949440877800147 1.8101174090178707 2.883131730072927 2.170787928801805 -1.5610587320180467 -5.220263611287913 -6.003530887788301 -5.532401075995585 -4.671013539666799 -3.672167632502453 -2.803050679451864 -3.195346897600277 -5.071747905750868 -6.642765790458478 -6.726975214525771 -5.423941480044553 -5.479907856471561 -7.012937623091803 -9.49293714519198
