opendap2json/asciGrid/asci_grid.grid
DSAA
229 208
-16.9080505371 34.8260498047
27.6444282532 62.4798774719
-12.712597 20.10936
[rows 171 to 189 of 208, columns 0 to 42 of 229]
12.967020944918392 12.554380028021516 12.484587645755397 12.776406151700506 13.074619388272374 13.071727627599218 12.64147090772176 11.99364310265541 11.310682178558327 10.73228299458131 10.326060764611064 10.02493406153818 9.881430724869178 9.83848044136341 9.635985581107185 8.871683425855512 7.543442214462056 5.787604927863562 4.192437055378493 2.9558365781452784 2.2599335832394307 1.97466467174833 1.8992490333772023 1.8529486574542482 1.892766450170277 2.00399802727257 2.161051628601103 2.241986903937597 2.2568710760589945 2.2053963686102884 2.1480673462423803 2.055503628627825 1.8336372164137091 1.4883994417816464 0.9925071548308056 0.4618288478458609 -0.016659821224423114 -0.39553363352671456 -0.6920218859265161 -0.9099609181057051 -1.1017447993597633 -1.33694846383601 -1.5819348748787483
12.719856733522548 12.431116988862808 12.362172518799126 12.508723516017545 12.682430409031262 12.598912304741756 12.052350540071005 11.23466171634635 10.441490610271728 9.920530678852568 9.701402584853536 9.624883433899118 9.637174245187381 9.477706483041672 8.942373052802287 7.887196069342286 6.481339514540404 4.9390762633618674 3.5203982877256714 2.4480789752804597 1.7898108964879849 1.5166972576103128 1.473795794859754 1.5026879452678497 1.613349643459084 1.7863463942420672 1.95324751097318 2.0444648946117616 2.080404053875931 2.072118738298175 2.0635784061809 2.0296216870834796 1.8613509330837092 1.5760414803486849 1.184223371346143 0.7752705818824865 0.39786972213694755 0.08599976507323712 -0.1581183662545292 -0.3297340074475574 -0.483706406450808 -0.6642952085308349 -0.8535822842342643
12.049321880665985 12.10968851823728 12.182016197665835 12.22331489515093 12.16360869731138 11.814135781967924 11.150610326719203 10.273968876834232 9.52200906436836 9.106495915101315 9.051884084369908 9.159824867743346 9.282683850820074 9.147128683904247 8.404943924075832 7.101263731749887 5.439167791627187 3.89876221943142 2.70965202046305 1.8758346744286711 1.3137578244062336 1.0869170996579685 1.1016212344524776 1.2587385688466657 1.5263805770390457 1.771776199341352 1.9276454122128528 1.9695014215477737 1.9614559826412856 1.9671813253554347 1.9782610444008075 1.9462743044673207 1.8057112216271274 1.5734579307878303 1.2673661709049686 0.9652883377623381 0.7170853952356266 0.5156230778496211 0.36993142154810543 0.2970365322110778 0.21931911873949586 0.10377984988225415 -0.04175916988739344
11.380996183921454 11.539720657301551 11.751108467575163 11.716085605588118 11.391122281764565 10.735203107329314 9.932951978620686 9.106145635223015 8.506996439235797 8.273478615672966 8.408346468846586 8.684218149553617 8.94009563502517 8.787644822869547 7.968497991455481 6.5831783773840495 4.803056022409916 3.2010278548359974 1.9915770389918646 1.286303666714177 0.832608813243881 0.6807591841032368 0.7946678356017145 1.151968390713505 1.614883301182713 1.9899416251824444 2.143612592668753 2.0762752580910058 1.9305659675200284 1.8673088578797004 1.872525005168337 1.8726312460551369 1.754698513519295 1.566471057574634 1.332093459758335 1.1139239203426705 0.9696937703767766 0.8954978217594244 0.8509313712204434 0.8362826382156621 0.8566811690293242 0.7987465900361038 0.6906278419343425
10.637777972823095 10.835387497278742 11.016327700187 10.891481069789386 10.341866554584051 9.490051412611617 8.6151504210652 7.8452580063736885 7.473071695330295 7.487749972038814 7.857535660316239 8.258633672012364 8.496515277290637 8.261581311342779 7.243693072579163 5.72231323391007 3.9466966874548746 2.4058233399535265 1.301072717713336 0.6659079467250727 0.34748816124501625 0.360077695408347 0.6397977683339673 1.1840774284375477 1.8173045513426953 2.302227878679387 2.497498535110985 2.323754034655256 2.0423789860097195 1.8576918425827185 1.80856568590257 1.7993644925642673 1.7002344672352938 1.5543061754620686 1.3941964116002659 1.237136625706319 1.1741267393683652 1.1972448373145275 1.2553223381671952 1.2570943113582147 1.264289144312104 1.233347105303533 1.169223055493663
9.753493355230047 9.974606060319061 10.156316987489246 9.960042686949983 9.317598708967521 8.33559021336812 7.435314458513215 6.8547359145610045 6.72452710879077 6.970728309022903 7.430372178580556 7.861426241610209 7.990371677362127 7.466051886734995 6.285152535049379 4.633407686559702 2.8708844309431254 1.422294790951644 0.46467545670846006 0.00919095646866603 -0.08266455751546845 0.15330276343343416 0.5968118743619993 1.252726278287792 1.9830311224673243 2.539149086208612 2.714695565844816 2.5291854029025367 2.164004066146993 1.883214919384708 1.7627217976470468 1.7208000943123833 1.5942590155282301 1.4832374628514993 1.4639342655580405 1.4005977752185446 1.3828981713040591 1.4516356835120294 1.554298191605561 1.5437965536345843 1.4487691272396128 1.236363281848843 1.132794663013187
8.789096911195774 9.101788552944996 9.255805020456037 9.008487035068992 8.359260020248824 7.422111743258504 6.642976475402317 6.229711198179543 6.30995699028329 6.700785588602154 7.181915007025949 7.4759636797216915 7.30421659206839 6.4899709493990985 5.116820624933044 3.454499365805167 1.8186670137096743 0.5442317878287702 -0.2267331305413366 -0.5106777927908422 -0.4056055685033451 -0.003383633538178811 0.5769432676458095 1.262471108094774 1.9551631954126374 2.469362975565082 2.6112716303807573 2.4541235827685544 2.1350123950576334 1.8056219966349205 1.648900836887057 1.5594490274316337 1.453074107947946 1.4857713446513063 1.617649517235078 1.6854527084648705 1.654507351069817 1.6837650618525353 1.7725251339785606 1.6323640002937019 1.3431613564983513 0.9279332697016069 0.7547001532240527
7.762026366928081 8.121750543491691 8.276219697016616 7.9702437049865615 7.303488705458618 6.48291406125604 5.961085920013002 5.836979213992194 6.12115609843205 6.635147738318759 6.9728988001601415 6.966937399031851 6.451163188313736 5.355114683058002 3.8202757336480584 2.138639632565031 0.7081291924618809 -0.32404276461060455 -0.8448585385656008 -0.9326985604292566 -0.6796921284545827 -0.173149014031377 0.45214889550644743 1.0761380631768287 1.6254602642365483 2.0310863129437515 2.12132471549694 2.0086156443697587 1.8057007383500943 1.5487796129755123 1.3678208751566718 1.260816143074009 1.2684165519771882 1.5631818360445036 1.9137432021698508 2.0948653216978292 2.00856650825713 1.8360704201736002 1.75119232804444 1.5443374096113063 1.2947265460705142 1.006092685668496 0.7607062499368996
6.4871775004673 6.895580171199419 7.033549072964747 6.771873090062529 6.177534712145907 5.579265191771657 5.359490315871595 5.551460655998547 6.056933098378227 6.49559492048552 6.605288753416287 6.29311844849607 5.438682469924336 4.099713653112089 2.475848539017427 0.9251631096920099 -0.314954910066153 -1.1455938285673477 -1.4689974236984746 -1.3621862097567388 -0.9916472365107248 -0.4411688255862066 0.1455152126571189 0.6929189034257939 1.091713821364149 1.3200620500676117 1.3143175590562133 1.2681000208217534 1.1822219086818988 1.0239154198285754 0.9580831858740486 0.9918648219458547 1.1497971968131662 1.7488484331737988 2.2656362898889775 2.5047217150382672 2.2909927655517155 1.8495913473871903 1.5847901779512004 1.4110508830868285 1.4277840926621503 1.6421826446746985 1.7527690769882864
4.925758009717768 5.239794458763012 5.487676903495942 5.3783739168351 5.066123018512854 4.851105056630926 5.022562752932811 5.446883799331433 5.938894967489176 6.220640214262805 6.0314317310015015 5.356991005074601 4.215718874388294 2.725740597240639 1.168127929450613 -0.1918114558617509 -1.2136301496069073 -1.848551169736341 -2.0423647887063616 -1.7883552413800772 -1.3281204316050144 -0.7464483605189989 -0.18975821540698304 0.2396605307819122 0.5007569741234352 0.6100749496512813 0.5740973694992406 0.5278907166600448 0.5489904071220834 0.5364347972720633 0.673002735519903 0.9327007339865937 1.4184882376288084 2.2479032225114053 2.5976680433802235 2.5803994877274254 2.160065910349362 1.611683228308118 1.3508739475917988 1.3433426036221767 1.72962409260841 2.196723788762321 2.2869848741227465
3.456906491278205 3.540523457054464 3.8024692809360476 3.9251731389240865 3.9656291698200277 4.262884078451335 4.722278866804701 5.301580497352124 5.745603739936353 5.72759403958516 5.21218683596898 4.2199181644461365 2.8935559209252717 1.3732562951735487 -0.11129030215632851 -1.22191014190368 -2.010454950051264 -2.46492911529593 -2.4905795199848684 -2.112681970145437 -1.569038057692458 -0.9888698570215636 -0.4706236738596432 -0.10616846743407597 0.07309096014032052 0.13334890130091862 0.06825534820935027 0.07830296662551997 0.21765092976955164 0.3673022641288977 0.8631470179847419 1.4520620862167906 1.9449703342342688 2.533526311681293 2.4937605830687963 2.118677305627005 1.5230347321178943 0.9870521891386473 1.1585330962870106 1.5361482458204219 2.0200108995933856 2.489079884864115 2.40837022409566
1.9399582292481863 2.009073787230539 2.2547649093313304 2.6225248802952055 3.1070007096888035 3.772353264363117 4.435200483791523 4.986869064559582 5.215734272620131 4.891849759400605 4.124443405652447 2.9738342468749 1.5272569134351817 0.027373822257451504 -1.2385239032354518 -2.094592889271586 -2.7205749278107607 -2.9953504927812524 -2.8517755294234726 -2.3520901931542335 -1.7458268448792031 -1.170713704914177 -0.7077687967799924 -0.36965725509479314 -0.22231527170318974 -0.12021224699809045 -0.08546918382265405 -0.007936217016685081 0.38866174788513513 0.7942590882599999 1.4514607039260297 1.9631182377054859 2.0421700075404066 2.1726855037667887 1.672218650068539 1.0478194995988133 0.6302776548526591 0.5163938340209949 1.0374373129937409 1.794995333553083 2.3490253617241352 2.6693870976859606 2.4658092140413324
0.293948432066253 0.5364677141584219 1.096248296325884 1.7671997479688846 2.5361357521592964 3.4142011345968766 4.065662005378033 4.407702896166884 4.329136977187502 3.751452391319437 2.7973301520338074 1.5162483257801593 0.07864965939482721 -1.3074704032832993 -2.3919495779050717 -3.0598948076160135 -3.5235995060860352 -3.631742133226712 -3.2984858733120808 -2.695868710912119 -2.062506898152728 -1.4643793976931632 -1.0161070906394944 -0.6300578077289825 -0.3842212915049141 -0.16312360596948844 0.06966369917146228 0.3745690373317265 0.9755602052556276 1.2980506994252867 1.6461796531656459 1.802154819251518 1.3760016948701452 0.9431369580297239 0.40734000084125077 0.10475998502030608 0.1810685178572265 0.5294106464802991 1.2937755892037501 2.1349975941526154 2.693095573903669 2.8806596247042062 2.788622790703799
-1.102110818682864 -0.49280414988974963 0.36267989319359406 1.3148578394791959 2.2127770899730184 2.9740204290337866 3.396375511103002 3.4513593199548853 3.0895373010298126 2.23274694157033 1.1084245688441268 -0.23834577825529793 -1.6338670569716396 -2.9344006559110634 -3.869647799976561 -4.3275622914350205 -4.579703068149665 -4.480992551477664 -3.9942435130087204 -3.2925612643169755 -2.575463797254492 -1.85655522649948 -1.3010161386427141 -0.8106598458055446 -0.391684117203016 0.11890187815215167 0.5552903195869539 0.8412231419808516 1.2592857036021696 1.2543195141206653 1.056857828304988 0.6378718219725654 0.04790065318076275 -0.16249745334774002 -0.36483703820994784 -0.21664385102076913 0.3593667249406121 1.0700403278534625 1.9013287003741692 2.6596086838675608 3.1103163650049948 3.1702612757201343 3.1138173523128967
-1.627240463251148 -0.788977863171904 0.19000497078100986 1.1309030042514812 1.8976096565585916 2.3710320709034924 2.4178466525165208 2.0445673482835294 1.3479336084974356 0.23223380847298453 -1.076054962771273 -2.5097538120699205 -3.803832581951558 -4.928209246018868 -5.653055218051026 -5.826496579032857 -5.723424733966978 -5.3485137388991175 -4.692954415018792 -3.8601716157014847 -2.9741643787568393 -2.073569326830132 -1.2854877029050054 -0.5472819898708345 -0.02584738435088363 0.5212019154575057 0.8882725691239753 0.874576678790427 0.8079818787231219 0.23195347419976065 -0.22794648600756295 -0.4828531063285981 -0.8503777838670548 -0.6779826168253631 -0.35164224809492806 0.1750535497562179 0.987564868048251 1.8763740327770926 2.5337694947969562 2.9488867759568054 3.154220235802989 3.1088495086894516 3.119983820297362
-1.270406056323664 -0.3783886437920728 0.43117808687914827 1.0272480592047928 1.4004007558931044 1.3933723173759036 0.9620268642197242 0.1188156119124086 -0.9963868902377964 -2.375202602525095 -3.7460298586083858 -5.059861601075268 -6.121556782289672 -6.950851513979001 -7.244522758756506 -6.935364248188558 -6.468921194538227 -5.8101813014081465 -4.888064756693355 -3.8893258083945312 -2.785924138332287 -1.6370945809774766 -0.703724222420521 0.07785935380804332 0.4570409623667902 0.7392337871023168 0.6718553851385655 0.11155644072167636 -0.31096150090963504 -0.8123407089634181 -1.101438180838154 -1.0328122701298392 -0.9257112885271466 -0.4128989498257937 0.18481860827911095 0.8024857690981162 1.6210630274815945 2.384015034271497 2.7994994410762657 2.8961389019684667 2.837119786511163 2.638188082306008 2.7570521998735367
-0.530414302542706 0.0878983109032385 0.56570851922054 0.7020883580031916 0.506725469624895 -0.0641711888107488 -1.0888266186391002 -2.354129920207507 -3.7258976502693706 -5.125080848479826 -6.380989003330113 -7.417540297169892 -7.938501035575872 -8.132776431216005 -7.921316544516065 -7.268645770548032 -6.468312581082862 -5.511354747579578 -4.277109548536833 -3.001149780743671 -1.7632854698675244 -0.6806131920414877 0.09358459351318843 0.6516658581191064 0.6313895772845592 0.32124835811272745 -0.2520303362845092 -0.870887038254234 -1.136984684001592 -1.3848338747476574 -1.2562005249091546 -0.7491956835718783 -0.3612575933329682 0.14512563351677946 0.7427422979606456 1.3518426081718908 2.020619927678302 2.6254120531168796 2.840793335670317 2.6909146581279706 2.4788668358681427 2.353641923292329 2.6478658752525717
0.20865780900664307 0.29522920433430117 0.21516732413170192 -0.25291614026012144 -1.0108411405734075 -2.0569440454598915 -3.4160312259158476 -4.8864021647237825 -6.229724015814925 -7.40602021149907 -8.299926171818578 -8.762902036249423 -8.63402556938385 -8.297514045901131 -7.651510462977498 -6.691833602769537 -5.689327221914982 -4.483514059778451 -2.992789922341209 -1.7030431409495461 -0.5824533506638147 0.16897636553181714 0.5332987415318234 0.49631092360350504 -0.11961817777198175 -0.6958012685057785 -1.2298927172832559 -1.629645924531948 -1.5128512015079725 -1.234066445315041 -0.7627467387516388 -0.22580590313193447 0.16352245389866046 0.6835529538684068 1.2581201656345693 1.7705162324840382 2.2726975141703387 2.6736799009358374 2.809298528284918 2.7532292313663995 2.6437386439975756 2.524906444192441 2.7284495028585525
-0.09023481036535734 -0.5532351679759783 -1.1645649644344016 -2.217005326152944 -3.369638708195101 -4.622402240456621 -5.9515917561644525 -7.163570621544001 -8.191551432221523 -8.772786800652726 -9.031179253735354 -8.95611928592629 -8.38496609650664 -7.651446225938364 -6.722237620226282 -5.580474829484289 -4.3845714626070205 -3.0715388922283955 -1.7666952584897833 -0.7890272949225066 -0.03284641238543676 0.13436303660969243 -0.11243789467030807 -0.5350303655079148 -1.2701328173152995 -1.8206764865119747 -2.1099925331815474 -1.9481555588356627 -1.3423180780833948 -0.8233246396910628 -0.3220553273568 0.2468011012707349 0.6744661017028893 1.1604106039422895 1.6906149525234098 2.1055391162832087 2.4375977860818088 2.6736329082527948 2.811775544176641 2.881913876453413 2.8926055235582036 2.8628838787138617 3.009710549107892
