opendap2json/asciGrid/asci_grid.grid
DSAA
300 305
13.1189575195 16.3162536621
39.1511268616 41.6311340332
-17.968344 7.0225124
[rows 152 to 170 of 305, columns 215 to 257 of 300]
-8.487470020595547 -6.850531435853036 -3.876031185432409 -2.109765297285081 -0.38981539079047556 0.6981236410427277 1.6281840814817685 2.417485683185167 2.8390478021076513 2.9788511986287087 3.137372491533507 3.3995264637269416 3.7691818314056933 4.491736760414581 5.0726151690451085 4.861908011800673 4.015139324226294 0.9686509337825215 -4.29079254260234 -6.123732519908797 -6.211286626653262 -6.934469559165024 -7.283657353715155 -6.328096680678051 -4.850480176350374 -3.793036887806273 -2.3699282539475863 -0.9338309428774143 -0.6806177475797516 -2.185107588399686 -5.347663130692731 -6.4222771145285495 -6.4319109009902 -6.3439269363907425 -5.945974389919147 -5.619853197898984 -5.542077444219548 -5.4277940291229445 -4.897612247948891 -3.917712465037404 -2.3471003355568216 -0.41466845524598434 1.0400798770160895
-10.498797734046514 -8.738248781377369 -6.203869033243013 -3.558894074903027 -1.597104055209577 -0.23151786179820688 0.9218921391710857 2.09438181886596 2.797989969560156 2.9696444502017223 2.9865731466759367 1.7534107677461992 0.30550770953978734 1.0509408135773624 2.1879747571371477 2.986618903995753 1.4892974847933989 -3.4272090500994548 -6.143027547374427 -5.851727462427222 -5.510937792302562 -5.936837906715358 -6.427943570365612 -6.22502949118478 -5.06632545280672 -4.144797833333496 -2.7638166058507747 -1.3886693844613422 -1.4458930375036865 -3.5782595668589265 -6.05051422518242 -6.774427631260675 -6.716585665026382 -6.7947356325197825 -6.705430104521249 -6.179838707761026 -5.709476084055281 -4.899801577907325 -3.932548210446596 -2.7371626996411047 -1.0234586745777834 0.318583489235232 0.8542454425407132
-11.077282728207074 -9.232160680306341 -6.576291418271102 -3.740299903415292 -1.393527718769108 0.13840504721243935 1.1694832489795373 2.1088460130087037 2.829761611821276 3.0819322838172045 2.242171514647042 -0.0617522575204791 -1.7366305573402934 -1.1067231706892022 0.32195760600761186 -0.6056602378785845 -3.9792315273564456 -6.39878849327456 -6.302636677512112 -5.3532169027236804 -4.3314797693794365 -3.828392832038374 -4.272298545946368 -5.159097394847204 -5.145862155647877 -4.690310317316334 -3.503482566573756 -2.4120143320777814 -2.7840282805742618 -4.898006360856466 -6.743695702752194 -7.01704613258073 -6.7160515772600435 -6.883757696932115 -6.7088850944639145 -6.455488777547738 -5.878222993436359 -4.660439882989035 -3.008052804113383 -1.250718047827127 0.15106669467859266 0.9780297220661761 1.1640126246912224
-9.851769150254487 -8.15075708376932 -5.541108388795029 -2.7063938486917904 -0.6273731007350191 0.3288906848836264 0.9365122392710433 1.863437523431645 2.95412396368472 3.08749672653061 1.356299764874932 -1.1617533406965967 -2.4044662493270668 -2.030883465812139 -1.8140628099959295 -3.2752048676679895 -5.173515430256259 -6.212303334857396 -6.154879128186935 -5.118303125328501 -3.4232376139638743 -2.4392876217125754 -2.641059330621645 -3.7042301233313375 -5.218113755155482 -5.639406957475605 -4.762254191152714 -3.7931377129163173 -3.863883980661021 -5.324211727590341 -7.1283227449188 -7.69866024058716 -7.266190449836173 -6.960574588626857 -6.416962765369528 -6.326818424488988 -5.766519336240462 -4.100943798895354 -1.8957135450666482 -0.09960558873819925 0.9466535711287799 1.6115408296451044 1.6838255007728575
-9.860131756419744 -8.172009971455182 -5.574242975739053 -2.692009357667232 -0.7644207808006267 -0.14047870198951473 0.34574555503443416 1.6467278171085296 3.0237943090419486 2.941406531418655 0.7872565710296708 -2.0586917881406643 -3.541332519582194 -3.712475588583203 -4.014161798667091 -4.548967471656578 -5.499630634107865 -5.903745520936829 -5.506302550377183 -4.669278848874306 -3.322129667526598 -2.4473363744134202 -2.028714782242192 -2.6888975029929005 -5.211627662824347 -6.543363700448052 -6.195453299118468 -5.06650375639269 -4.678776305043926 -5.496783323804864 -7.4291009988672245 -8.440895490125666 -8.06495908928494 -7.427255517737877 -6.336749147789025 -5.7169327179380725 -4.592219670343593 -2.769700809500436 -1.0596161783584213 0.42678898421043376 1.5623753347959106 2.0970844663762915 2.052559836568836
-10.202788429282666 -8.359991923948195 -5.681807361425967 -2.7875244431752337 -0.9055029373707211 -0.2262295150338697 0.35900024243095086 1.9070411909741898 3.3483131504817005 2.803346055012842 0.26691939928019864 -3.021039374926257 -4.8478812886462155 -5.03410292319932 -4.9068294649885145 -5.044709195392459 -5.169057388135146 -4.601682531844083 -4.017294612582316 -3.62873033346142 -3.124377840482793 -1.7887472898576835 -0.8066536648763908 -1.457765326056046 -4.0926723345739795 -6.69709389848383 -7.289128865005646 -6.003404475044429 -5.371693962138991 -5.5203197622119475 -7.120846884832411 -8.643663885343027 -9.159082158592419 -8.247919314166477 -6.287249279964901 -4.817151302907588 -2.637939617902927 -1.634604233224447 -0.37292905338452204 0.9032000848087662 1.9105997127943313 2.3590385980116384 2.263408344036278
-9.653869232946638 -8.084908111241267 -5.566527782602564 -2.6856430752056504 -0.7951449132169708 -0.10058988548974704 0.5995806957397793 2.1890806048614624 3.501179610124624 2.3424848254734165 -0.3916989067559307 -3.948971956843991 -5.5439348408980695 -5.676386196346952 -5.875190968001365 -5.801697093279285 -5.3053058632937455 -4.209789028905417 -2.89573060464247 -2.212286509745877 -1.4188955236297873 -0.13142111176522947 1.1309630507975938 0.9119855142717378 -1.9481445965337751 -6.312471708739094 -7.903133446403009 -6.782578660131693 -6.2426774240003375 -5.861184409511623 -6.6206678285824125 -7.873264063802133 -8.720196109082922 -7.891568545278176 -6.296239525776696 -3.3291307827455094 -1.6467239874055 -0.5740583995097039 0.34832269380584774 1.2838212554484993 2.037931902285208 2.4895909841902055 2.505326557284531
-9.24002034078756 -7.844682120968442 -5.220907122324208 -2.3050273109924433 -0.45972733374320224 0.26515064684360434 1.1047627375694948 2.6916351059916157 3.6210085905570026 2.125487029455989 -0.9190819317275726 -4.742695251662327 -6.213897550832678 -6.59690339072961 -6.860656550821483 -6.625670565753619 -5.783769251122349 -4.176734456013448 -2.620816458383489 -1.3104769663926892 -0.05958998000863297 1.295782054433769 2.29615241357187 2.6320410869837785 -0.6986218124761517 -6.57346780346873 -8.255117824420875 -7.503396553316851 -7.126910622981756 -6.317115603489114 -6.277632856088803 -7.052698687913368 -8.112904584982948 -7.63462791496904 -5.313138440396255 -2.6676075421057326 -1.0125468529297432 0.0980068969571279 0.7730141141497493 1.374405033158128 1.9141419306847884 2.210648782024145 2.214226218245921
-8.436105245079176 -6.922086815136138 -4.198668664571652 -1.5828661167371016 -0.13119169111430934 0.5702866320638403 1.5932856191804252 3.1438167994900716 3.4434208309941012 1.6088942070040004 -2.343556928481869 -5.960265895495743 -6.812101081380937 -7.002991416667156 -7.196959778830277 -6.860759929840664 -5.85054707370653 -4.155178649596908 -2.397893463240484 -0.79787561106316 0.6420988871617022 1.5503870110870213 2.365186448673604 2.5831577033032653 -2.171110178759663 -7.735483034782547 -8.38222050764259 -8.248593019986277 -7.824848417432137 -6.845550589622753 -6.215357709910713 -6.482790698828367 -7.107913971221308 -6.546779366504123 -4.187688025799313 -1.9863771195260276 -0.42999394416333836 0.5786528288146238 1.1717026251364722 1.5187847733055164 1.836472521813969 1.950879284350616 1.8606788661416764
-7.031208613216519 -5.195087423083519 -2.893519538699419 -1.2607032532856044 -0.111857851814173 0.6603406001354755 1.8205016180290758 3.372299888853809 3.2756182090430643 0.8122533250770235 -3.8453677980140113 -7.195610021779958 -7.284626269299029 -7.152028071750719 -7.059584469383127 -6.694418340237644 -5.803642870755033 -4.154784638090429 -2.1083817621377148 -0.40767040513157826 0.9902218513883476 2.038703282081854 2.987206407046888 1.0119284468680796 -4.9851136636764295 -8.619549001215304 -8.57919635055196 -8.671171660468673 -8.426179290310959 -7.511720752378602 -6.478357099264128 -6.194950118617237 -6.115398387498102 -4.671553693149322 -2.4174561632556615 -0.9845555439868268 0.38778786665979664 1.21669235637671 1.8012683581879079 2.096300967217685 2.3025508337959892 2.4688611503288835 2.5393049164632364
-4.6479358579358685 -3.161744037795808 -2.2026180012544496 -1.4166943836761008 -0.25301393908117353 0.6279316061834469 1.947269789144432 3.6450782242220865 3.324633938024512 -0.052895177949915384 -5.29604544961232 -8.10091459644698 -7.5137751894167275 -6.921698954050308 -6.486084081092003 -6.438957065212137 -5.747018336361273 -3.8632894648273273 -1.5683201379428555 0.1448018323586767 1.4626732315783149 2.808488221747905 2.9328480649493427 -0.7905446771384679 -5.940771763489004 -8.567554648757117 -9.08554633574364 -9.068388930970992 -9.27394019032222 -8.371533827432827 -7.0300226405535575 -6.151444984924781 -5.163270693824025 -3.315076752878908 -1.6123671297940234 -0.508026331784975 0.5625780592600222 1.3188006232079181 1.9069920308093264 2.293934917769814 2.431638397262273 2.5280788587983047 2.615591901306269
-2.2252121940304237 -1.8702268979154208 -1.9784106209825703 -1.295668280955165 -0.4007011953032593 0.6042336206550913 2.216639392062361 3.9800563119102192 3.199475135847052 -1.3556331601725453 -7.19178230514238 -8.656336116463722 -7.615034611898961 -6.626791186298832 -6.058619862704539 -5.991874039175753 -4.9339390263020695 -2.8216717656916717 -0.7748358186349726 0.6483545239211154 1.9709316270517587 3.2729220963704044 1.9062280659706023 -2.9921630577647575 -7.100677490996736 -8.083936512993747 -9.305866467849334 -9.916274986842414 -9.901235547745719 -8.97630768024154 -7.4102676978532065 -6.01597499890726 -4.1528928525358415 -2.472762638961889 -1.2200853536956822 -0.32562138857558254 0.32045828904317764 0.6353359542651728 0.948052115898071 1.2476876397046037 1.278149386094575 1.1639655051907873 1.1772891988220564
-1.049824510478887 -1.1284790640150133 -1.235012179116698 -0.9106945000298513 -0.540787336060644 0.7059841653983151 2.738561091565058 4.330142760588725 2.5381486591774234 -2.9925287802573157 -8.320199031044881 -8.704096913150524 -7.570183379965757 -6.609742974890932 -5.756340784224439 -4.540587833015129 -2.920134407635766 -1.647024516642851 -0.2926461761620833 1.0317463529032476 2.5392540916623516 3.348739994898859 0.7606897700159275 -4.812418939873059 -7.801783208472112 -8.256371215995962 -8.758983745923226 -9.324361132194483 -9.845745336560562 -9.13051443075038 -8.13448526661227 -6.057297966937584 -3.7670620610404066 -1.8854725119647304 -0.9662210053328797 -0.16313478233096634 0.21515036898602083 0.16312213343054288 0.11600672745555711 0.190420006767014 0.21572745129845333 0.23320697310147032 -0.0754779670986595
-0.18997663043870472 -0.06812784292220896 -0.22695640130794684 -0.4381248108179713 -0.5917820975308377 1.0853758195993826 3.6373856789652828 4.7087664853208135 1.699700865619377 -4.496933110055948 -8.731578503302135 -8.457377540833642 -7.8980124429906295 -6.860941429312315 -4.840894511478185 -2.3013468909682797 -1.3845612913411336 -0.7067340298133015 0.480738432609889 1.7915614674413625 3.2334865654319733 3.1991356054860187 -1.254372611225754 -6.9014893842871645 -8.404627280713257 -8.667590807495 -8.603693574104689 -8.916747908049432 -9.491160843129126 -9.423062166759427 -8.31431250560316 -6.197364273988252 -3.4701536358538543 -1.8264216661152524 -0.7966050907928564 -0.21516009677293038 -0.15958783189661696 -0.3217897615311843 -0.378680685499714 -0.3334547790428233 -0.03552976293511002 0.07467049650736017 -0.5240390247041455
0.8524387039664367 1.2875725310729063 0.937253437245441 0.144653639517313 0.0406545643340704 1.672897869455478 4.367773274051627 4.572006835430942 0.304241231402096 -6.035932733075344 -8.801028589803032 -8.333790324338285 -7.994642422768586 -6.4829474665879046 -3.445578398483372 -1.369965370927328 -0.3215882982994793 0.5794327965275681 1.3663558992120661 2.3714985226960428 3.5408236828055655 1.634257437742294 -4.161907046929836 -8.132388777857294 -8.681940145655487 -8.680407413909828 -8.660323471143032 -8.703800829590863 -8.538660331165502 -8.016083222337864 -7.374215010938943 -5.744709411381617 -3.0674994231652866 -2.0056788318459304 -0.9696388692230612 -0.695642275405721 -0.763883946544568 -0.7624204530631811 -0.6021571952458465 -0.3824273149737719 -0.23487910986785193 0.009124265873095718 0.11269554479781094
1.529351297947384 2.1627861900947627 2.015809178185636 1.3023814001375666 1.1480960568814715 2.4253647742050344 4.10078425931445 3.413172704698175 -1.5036819947762128 -7.141164286399963 -8.209224878052828 -8.314058008765985 -7.649625172736565 -5.484946087920941 -2.8813253782982278 -1.2839422342775375 0.1305058689213944 0.9744836762554546 1.452831459500853 2.4808067643474803 2.761475270343202 -1.0473357105487642 -6.400894249111315 -8.359832237106716 -8.505654637398703 -8.549693557988764 -8.817100624435538 -8.558759262608897 -7.466136538271708 -6.663980513222008 -6.66472245975743 -5.267034571684481 -2.9212763845254788 -2.308953393645434 -1.5865874302305367 -1.4540571940542275 -1.431775477279901 -1.2051342272574972 -0.8146832258299652 -0.37636605541760304 -0.10262368797921877 0.06914841520716893 0.25249879022317145
1.7537961129257087 2.4268304515579175 2.643420367018605 2.24815013738864 2.240107051021922 3.0714315851644107 3.791560639243924 2.1751981164946206 -3.4652191187584296 -7.809166089790596 -7.99085590952041 -8.132774846468548 -6.739201782344072 -4.259384523857968 -2.5205662299381864 -1.0225023189850335 0.4468124623505695 1.0185043189519751 1.5627753137378548 2.5915405431387493 0.9320490850007928 -3.4419024723682403 -7.125856745117235 -7.786858781495004 -7.931780498040721 -8.464306102643958 -8.63154172015026 -7.715625422775102 -6.39852142322693 -5.8814094703903015 -5.800849843014277 -4.670232809644061 -3.126856483311402 -2.7220577375843935 -2.3705465239700048 -2.2621523029916935 -2.0513164664052677 -1.5999499716571504 -0.9810822006519319 -0.3383563390253117 0.05322978110181839 0.014566382148355353 -0.5914094830453973
1.7923089017028064 2.432213669256233 2.8512531152419247 2.723988942992086 2.6580423512587124 3.1704758904277925 3.7492292285048134 0.5360867580045672 -5.485751110069641 -8.305407523128629 -8.37095462291676 -7.457946904363901 -5.289962116545965 -3.0645445292783906 -2.0925273944545846 -0.5072657969321298 0.6377849388837111 1.1254142572985266 1.5450324978957541 1.4426238619678733 -1.5049061346016963 -4.891210836351294 -6.84867532256341 -6.992131717387114 -7.722887021240275 -8.211073180079637 -7.625511355356957 -6.203290617775305 -5.521964418855049 -5.491791884751379 -5.099851768981308 -3.936559416927001 -3.0363129839180085 -3.012452563105038 -2.9883310169499375 -2.956376625686129 -2.5604502503700153 -1.8661317308182732 -1.0143350932903679 -0.36201842908623433 -0.11087840529937541 -0.4656130549034757 -1.1867316749044483
1.8340956909761594 2.2814120649302314 2.704002207606789 2.7231156315692915 2.863303580951631 3.7668416349202847 2.671792331427098 -2.058925135053869 -6.469508161284807 -7.724394167527026 -7.6984629284318515 -6.316181126447701 -3.558926746082838 -2.5069653174738145 -1.2000683691025045 0.12150697131646325 0.9894424041322248 1.2341536732413516 1.3261577858033526 -0.9227456111425392 -3.142379053625447 -5.439603652127877 -6.4502027511792255 -7.063638098674244 -7.742431698250688 -7.6523270329133295 -6.448277077571203 -5.415043956873737 -5.339671542803676 -5.293470586548172 -4.58387831504635 -3.410794044758338 -3.0376427361884724 -2.9608029301624974 -3.2610173985060764 -3.211075196138761 -2.7359312642543627 -1.9471798297556675 -1.1526471933133438 -0.8077595113944256 -0.7553735971639408 -1.0019470397867705 -1.2921120816493719
