opendap2json/asciGrid/asci_grid.grid
DSAA
300 305
13.1189575195 16.3162536621
39.1511268616 41.6311340332
-17.968344 7.0225124
[rows 19 to 37 of 305, columns 86 to 128 of 300]
-6.947813445011966 -6.935154575964331 -6.937530896267011 -6.960019881054701 -6.982253387283101 -6.969259578668339 -6.899395413192874 -6.792808536033273 -6.724554136747974 -6.786898095310292 -6.992289330386777 -7.222248474412698 -7.334777438234287 -7.296961383305451 -7.173695315262185 -7.040116193396676 -6.953785121152661 -6.96536483425539 -7.099646935992689 -7.293481105765008 -7.397972292080907 -7.289928754492663 -6.972847970806727 -6.593969662173016 -6.463040770890466 -6.821387510277722 -7.414576050008332 -7.719020857532476 -7.597900506341482 -7.291097520263337 -7.033468968977344 -6.949115999339354 -7.060448899986137 -7.235880738765475 -7.2629815545204135 -7.09833475897356 -6.938619664599175 -6.947554281710596 -7.071355627068028 -7.1726647129260455 -7.208766242914276 -7.230863779871974 -7.276413321387796
-7.083311739314038 -7.098180412265818 -7.1175115401413525 -7.116754767504574 -7.066276667720235 -6.965472757866473 -6.851388173703876 -6.78565859387071 -6.8280912802273885 -6.9788925781136655 -7.14621305263679 -7.213263937475006 -7.150999168022677 -7.0297411185622645 -6.9346244877610985 -6.919555455839979 -7.002832325783308 -7.151004088720777 -7.274137517508311 -7.282804017279899 -7.153057855924239 -6.913404420705633 -6.640364559671575 -6.552772629369697 -6.906123028685984 -7.52111033515737 -7.816689546521919 -7.558640207651048 -7.1035104156286994 -6.85538266976396 -6.912575914408026 -7.131451579670977 -7.291347401543814 -7.261914983786195 -7.07638309796435 -6.900817499627839 -6.891098488811407 -7.024126842901167 -7.157052805804122 -7.211713816911332 -7.22356559432205 -7.239276833669345 -7.253940978116425
-7.232636342780238 -7.260130222132911 -7.253755468320392 -7.190208393823555 -7.075728809854542 -6.956459045851249 -6.889876759920855 -6.907311710336096 -6.985327342004431 -7.053081872865728 -7.046385039220685 -6.961600589146197 -6.851597303396042 -6.781929160611065 -6.804634960241218 -6.93820235449439 -7.130283768685917 -7.264296947754224 -7.25204042451231 -7.112689646120254 -6.9183068153293625 -6.736752282537323 -6.7096517136922404 -6.99954361240684 -7.469089490764238 -7.689468905843491 -7.481608133063243 -7.110650214727114 -6.895340123748312 -6.939839444866442 -7.130651492771205 -7.234547367079594 -7.124675533265777 -6.902781248340395 -6.77034618631015 -6.833235576689056 -7.016519708470656 -7.16288573898711 -7.196581997310401 -7.172217839168055 -7.166777792305572 -7.180041712776764 -7.163128026018426
-7.338841596188189 -7.302860078527349 -7.213917265577983 -7.098966526676661 -7.00232547012148 -6.958966260618931 -6.9698224319328155 -6.9974182579237265 -6.990279453476202 -6.930348801578976 -6.845085364087588 -6.774233110301606 -6.744253241262824 -6.7777345263597 -6.89527576893859 -7.064992355269664 -7.192533210853465 -7.203516087042228 -7.113853403101042 -6.989912123785542 -6.903185535835847 -6.956968720963262 -7.213644129131117 -7.508949049806526 -7.545892159759688 -7.294500328298162 -7.037190537178209 -6.987611969452387 -7.123435614185885 -7.291489887641279 -7.309887035937475 -7.1127897952899275 -6.830989932201631 -6.674742709820541 -6.7585005690897155 -6.982132257985927 -7.139124331302117 -7.140955003684062 -7.065412639530697 -7.024590963847561 -7.045741458296893 -7.072528355416302 -7.046584878437273
-7.257553093961548 -7.1525514027173624 -7.0343760262765365 -6.9483189176143965 -6.92275766768121 -6.945076193783615 -6.973537913344362 -6.967651867148868 -6.9202638706449155 -6.8628814675978855 -6.829589721855928 -6.8348514365139605 -6.886947402734457 -6.985608076263992 -7.095943801882483 -7.151612226679376 -7.123350448471248 -7.0558765438042 -7.015940187907731 -7.052741542703352 -7.213892742930548 -7.470227877856438 -7.616857556912948 -7.471675134987711 -7.156619234471841 -6.970618937700091 -7.0329095768171905 -7.232548687615804 -7.388712358140983 -7.378810586179264 -7.2055594674322725 -6.990351065994933 -6.87896862750752 -6.94220303717814 -7.10594531389699 -7.197847973058437 -7.132269824141018 -6.9880490733259455 -6.886786265863975 -6.875929711475942 -6.91913448799165 -6.950475759439106 -6.937751606915476
-7.045194956426927 -6.983358927629488 -6.9365573072730395 -6.907410154796156 -6.896686704974166 -6.899784748098317 -6.909481739947647 -6.918106780941078 -6.9244171492704165 -6.93545226023042 -6.967138226655483 -7.037025048359188 -7.135287277420175 -7.208810456089078 -7.197667873588982 -7.105149485289077 -7.00788025484537 -6.991862669236007 -7.119490350791708 -7.399753905765467 -7.693412835080656 -7.732899431709275 -7.437844281743678 -7.08576216601766 -6.9852788092671245 -7.142745416983243 -7.35586613270338 -7.44605786547106 -7.386148048645667 -7.2646491933864565 -7.181224858997917 -7.181112605184486 -7.261060638645793 -7.359005796625288 -7.369794828418066 -7.253676657252929 -7.082280464595054 -6.947624063460006 -6.8820579582988515 -6.87075585569606 -6.887141736218954 -6.916382184477487 -6.965884774007715
-6.96732494535711 -6.971595584150656 -6.97053818006396 -6.945150575150927 -6.907838981065507 -6.894443424239702 -6.9286767055223155 -6.994023851637752 -7.048813836029109 -7.072327236322187 -7.086884617847402 -7.125279209681185 -7.180224260487578 -7.195298924857938 -7.130943885631488 -7.03461502742405 -7.010377925217697 -7.161633285026822 -7.496516994470888 -7.814422983040666 -7.810695751012362 -7.46952047712097 -7.159993058278474 -7.1800921493934 -7.418516830071439 -7.563473544440334 -7.475940257609736 -7.291846820945151 -7.218675325625907 -7.309905655520021 -7.4488907573995204 -7.525426190156418 -7.519793554386472 -7.449013523675855 -7.349595309783871 -7.25938795238454 -7.19070817732909 -7.137364410356757 -7.09606052544328 -7.077730224271146 -7.111379010323931 -7.233321568262171 -7.468531550916654
-7.0435000717389356 -7.043030179373982 -7.028399925455947 -7.0048650063614675 -7.007191647218307 -7.0676766184997355 -7.17082932840063 -7.253286213379123 -7.2654211326377105 -7.207320391571973 -7.095911559378168 -6.961802963786472 -6.8825828769513855 -6.921443580349447 -7.025305347504312 -7.124037832800899 -7.2860813077243725 -7.580039134567234 -7.837337237762784 -7.783391908109158 -7.455576407744589 -7.260207223042808 -7.467418647937478 -7.821318200010966 -7.87810927771743 -7.566884800672602 -7.22281008488054 -7.185462974522901 -7.446152569596143 -7.6913751541753514 -7.689860083717214 -7.513650089017477 -7.355142987641776 -7.317052640962593 -7.373456317464825 -7.440068623419737 -7.469850612625606 -7.470832380254343 -7.472057654099267 -7.520704510435041 -7.674368086892032 -7.947786645347006 -8.273144502369215
-7.203953833713538 -7.168300995505151 -7.134735320960708 -7.149982922219389 -7.2368997738026515 -7.351021838330141 -7.40799252034925 -7.3670525402810325 -7.26145237242226 -7.122952033098412 -6.941595565361071 -6.748890695280805 -6.6854653735586025 -6.870742996829089 -7.200242666304961 -7.50534262863741 -7.75023054047751 -7.863975522014338 -7.7013247735993895 -7.339627475166121 -7.187303187302032 -7.523204801859755 -8.014755946843056 -8.08195347491244 -7.651622177161499 -7.198749447908264 -7.177616518388622 -7.559018101839072 -7.87944783137828 -7.798039328661418 -7.456063337212533 -7.204210102580221 -7.215574871802735 -7.411307026128098 -7.61708596060034 -7.740258840136788 -7.803043439435052 -7.854097692023151 -7.925459228427689 -8.053121158637072 -8.248032375173281 -8.454784598036646 -8.564894875606807
-7.425573480479327 -7.396279659588858 -7.372053466359288 -7.37917313627384 -7.4058909102031985 -7.391415046735418 -7.2953801718974995 -7.1591172185005485 -7.046766768973125 -6.960928142355755 -6.8821611882268305 -6.861358575053753 -6.994461233448226 -7.27194106831613 -7.545043177533376 -7.708923655228601 -7.734517398925631 -7.568133812853595 -7.256629549851399 -7.109193568699783 -7.400376768975782 -7.87915990868725 -7.975513378568814 -7.569888760945306 -7.131074274815188 -7.124723017281404 -7.546792691274254 -7.928408630685535 -7.866897732810203 -7.495672465061329 -7.231323383571631 -7.286414013313936 -7.551324271560654 -7.7931006275839385 -7.909705207813523 -7.9695021988973815 -8.046466719387986 -8.142604583532984 -8.243812751849866 -8.34208329013677 -8.409761007749498 -8.399493592952064 -8.282703943174422
-7.641384324951218 -7.674130848192253 -7.636343882182976 -7.542006806035142 -7.423416309070805 -7.306216890344721 -7.205273500920219 -7.134481811017207 -7.100682536181115 -7.105326372276729 -7.167553905164663 -7.3047461408613525 -7.45611338346532 -7.5052582447944545 -7.433453726465418 -7.329042581501573 -7.227174363949132 -7.116420746031979 -7.114288864337806 -7.382536267872738 -7.752830313169532 -7.795780918849448 -7.426712783760535 -7.053899264297866 -7.061858428784324 -7.4456441973532455 -7.8310818072905946 -7.854363703782211 -7.601236435059143 -7.4359638858759585 -7.537371477705713 -7.791752728784761 -7.973275509911497 -7.9906851482546895 -7.964845255393612 -8.00792417478626 -8.097546342467957 -8.18519756020416 -8.248381374613334 -8.262117786883225 -8.205913829108258 -8.08772386871017 -7.949297200715867
-7.328905358273879 -7.572572421328973 -7.686929975659801 -7.662534977458142 -7.575837622680537 -7.506628870981307 -7.4695129638728375 -7.448553000367635 -7.452301333728161 -7.501675214469916 -7.583052978183565 -7.615963191191836 -7.513239544132347 -7.296743854840008 -7.095833010459559 -6.997497258529444 -7.000210447709032 -7.125742251124114 -7.423629499571774 -7.746780233487449 -7.774463770098275 -7.450020227328093 -7.107001441277172 -7.063767259864945 -7.337953693581164 -7.666943963165046 -7.769665886162907 -7.6960280459967265 -7.700993063876944 -7.849149404731333 -8.002311552465569 -8.030904590565633 -7.934984644583603 -7.846610790324689 -7.874299423468118 -7.9595971916470445 -8.010081319837179 -8.033294337110801 -8.0482034394876 -8.02633610318116 -7.95235927192132 -7.861372304989491 -7.798637076434744
-6.73488792462251 -6.929151926880571 -7.101576813648861 -7.28229694012243 -7.477092200648998 -7.651161846774065 -7.766041753879033 -7.8286158755136555 -7.866778209451506 -7.866879816974007 -7.781509331754783 -7.60652467274071 -7.408077859467511 -7.257340533847966 -7.171455697250687 -7.150192547919348 -7.237544184591894 -7.472168282035124 -7.731939833143124 -7.775813942150184 -7.5570767447151175 -7.298389709212226 -7.212551248602893 -7.337990621495001 -7.54093546984397 -7.646559526658925 -7.69180353695329 -7.860256259079311 -8.106229922161457 -8.175717445127345 -8.00191233074628 -7.785699277589207 -7.703365219132046 -7.754114795416253 -7.845439178568199 -7.896107696071041 -7.889854624325113 -7.866699916266451 -7.845959388528904 -7.804998268018404 -7.743211564238962 -7.687120816169466 -7.658706032314095
-6.556209697630753 -6.52531252823053 -6.545736264582156 -6.5966412096355205 -6.682942940654868 -6.853469667662871 -7.1610501500495145 -7.5405765226847565 -7.817171546974254 -7.883606709974939 -7.800509627360974 -7.699329332002149 -7.631397064851305 -7.5676494824149945 -7.497640558485846 -7.477908294820601 -7.556161083547709 -7.668164973814943 -7.685668475174221 -7.586992406022732 -7.483436283945268 -7.455090533707596 -7.487900515451793 -7.534033017590893 -7.5614463195986845 -7.624325771126746 -7.8392120219422186 -8.153500324628505 -8.28694961790924 -8.118341128520449 -7.864896466404947 -7.754807339587381 -7.796973187071127 -7.883361989944216 -7.935838829452923 -7.940862078768221 -7.908529158710821 -7.8535795733637785 -7.789777656674307 -7.717982519228728 -7.640809456786996 -7.57127655572716 -7.517272490226395
-6.66671952680183 -6.610161599511301 -6.529388379853152 -6.447494230694181 -6.383835488224629 -6.355337060171981 -6.400869583177297 -6.567167517311469 -6.850365278675589 -7.182838230447431 -7.4687869678335215 -7.637369274921805 -7.715018704399711 -7.768991735524328 -7.816608872172415 -7.818123168302914 -7.736057550652206 -7.609765981491906 -7.528498182204087 -7.55289611939238 -7.655943914760166 -7.726862899087325 -7.684307485500992 -7.590774562424685 -7.596012843817332 -7.766203247717622 -8.01189023086704 -8.194602096770723 -8.256985183215429 -8.251355972202855 -8.238724393581304 -8.214009591494747 -8.183402531712154 -8.196208179110553 -8.235260097890341 -8.245229261295185 -8.21261965779641 -8.153246637621217 -8.088514073593503 -8.019032510325772 -7.931830514331583 -7.82912655090986 -7.732077763435612
-6.453712565756085 -6.530410543664255 -6.578423351374758 -6.5809423998003975 -6.548200579420729 -6.512411766802315 -6.466621753851384 -6.410842035321696 -6.374351469719243 -6.373317134819374 -6.4474859475666975 -6.660358644072081 -7.0075522663006655 -7.376957363831577 -7.650275782378866 -7.770926542846217 -7.747762820678744 -7.665417530324041 -7.652336103905035 -7.759587340039132 -7.89586848057702 -7.923030819139152 -7.80919713367639 -7.701329692375649 -7.747341915808569 -7.899265290954371 -8.043392842479035 -8.190152292218494 -8.397145019815277 -8.597100509955 -8.641834427585968 -8.513516877307882 -8.364828542582101 -8.31535498580143 -8.339655898347546 -8.361094550716947 -8.348005710139352 -8.311360820815105 -8.271978963796675 -8.235248111035498 -8.194588836062696 -8.14194960003455 -8.079154817495452
-6.287805872758207 -6.315521004757095 -6.344058747893701 -6.356243403740803 -6.379420334578527 -6.448243229313676 -6.538865521492707 -6.5890921282245705 -6.566330514963602 -6.482708708728618 -6.3508895238091885 -6.210677696801656 -6.167069289329124 -6.315959869425526 -6.645284195851221 -6.9959798755210425 -7.2323910333779065 -7.370639873097157 -7.494386696344313 -7.639471448360674 -7.768578960247543 -7.819318103036634 -7.787409564780723 -7.756181298058613 -7.788313390600322 -7.8729342500617845 -8.009791767502607 -8.196441385634962 -8.36421683696116 -8.421079292467883 -8.341053466224672 -8.201387841262756 -8.104624940793446 -8.09258746971608 -8.144136835189533 -8.204453977445727 -8.232924300866966 -8.227239384336004 -8.20317891954764 -8.171588486617397 -8.134966523737768 -8.094934972977628 -8.055134857356034
-6.416053065996663 -6.377231511155636 -6.321739941853652 -6.248383792811777 -6.167042471995567 -6.141650627831076 -6.197837968736098 -6.296877991229774 -6.3937242609527845 -6.467613017003088 -6.518236186216839 -6.535572301412947 -6.471558332349012 -6.294895067980988 -6.108654145637275 -6.074893945782249 -6.219456706625418 -6.4320073766256876 -6.63402961951229 -6.818126979920229 -7.012284711848184 -7.221765016447389 -7.404910372001192 -7.521574845041313 -7.574066765619425 -7.613971831567815 -7.68927691141291 -7.778392530325426 -7.824806767142518 -7.82108281827465 -7.805880568586046 -7.812649677507431 -7.8550712820435535 -7.936448442632446 -8.039805455554063 -8.136377225490323 -8.200873397925005 -8.226811831095059 -8.226979751679064 -8.213619670997371 -8.188325060586694 -8.14917952929152 -8.099369986885627
-6.257326619104758 -6.356981180968576 -6.417353965006803 -6.386251505823138 -6.290913687572777 -6.197485289353571 -6.115998927079621 -6.07290261585872 -6.115970260575916 -6.222395264225856 -6.333670503480439 -6.442594852929474 -6.556155455445333 -6.639838167156968 -6.6271347229706485 -6.467963420895404 -6.248188496300383 -6.1095605241455555 -6.083188704683019 -6.154944261398788 -6.331525574924831 -6.594790015368972 -6.849911524644539 -7.010761515334037 -7.084320989072447 -7.144127345110646 -7.226794179666749 -7.324584380283256 -7.437724536937169 -7.577252101528347 -7.7289662430350985 -7.8586987613339065 -7.949889495377603 -8.018658569607865 -8.089651214700897 -8.166775735866066 -8.23622302472681 -8.288362492993746 -8.320521917263989 -8.333226355666948 -8.329717306120209 -8.31460044959313 -8.295754052993164
