opendap2json/asciGrid/asci_grid.grid
DSAA
229 208
-16.9080505371 34.8260498047
27.6444282532 62.4798774719
-12.712597 20.10936
[rows 0 to 18 of 208, columns 43 to 85 of 229]
5.566480666509672 5.505073812859184 5.376187867590858 5.19195430139253 4.969646256967672 4.68197549326693 4.657522176899222 4.478967346932811 3.9535046042870277 3.1584302046571957 2.6342550598983356 2.241190597861382 2.0238879419893654 2.0216742543919426 2.099282097766696 2.5555659129784787 2.9112896435232307 2.881878391646424 2.492867554004354 1.6835023680280718 0.9200051725654738 0.2788920270993383 0.039034526776935766 0.792078680430684 1.9702764975708382 1.6181769716677725 1.0086419643925546 0.2818954969275317 0.026184105131046083 0.01716194906442418 0.007219908099532076 0.2939898354191288 0.8304774924358859 1.3548938079355848 1.6906460487012984 1.8222904779992128 1.8710662769058664 2.01181325372751 2.491154144483187 2.999124802391192 3.0911473589468446 2.7410557044625987 2.321498132095689
5.373384754224244 5.2326063589014975 5.17715147151725 5.029104783521891 4.81206825189421 4.714446840680044 4.622328318227538 4.520115970476101 4.349565177822818 3.591856283485685 2.8236310615085634 2.3130806676976685 2.0520022408416896 2.0201739101537006 2.137798737668927 2.569829373789571 3.0512342928708858 2.9302452488135913 2.522970677260926 1.9536054082622367 1.2106588214335827 0.31607615488021407 -0.3745067464638676 -0.11897218710322054 1.2665218062326928 0.42015681908824276 -1.31291792591619 -2.0418583223054143 -1.7933668615104308 -0.9977672753770565 -0.6171111809265456 -0.15274577375033435 0.45999894845920686 1.1201714627586667 1.6135897639596437 1.8323790436281282 1.8428804533880692 1.8711948985636857 2.1127645686131804 2.351348587373728 2.1597292546035756 1.8814680483996886 1.5327696402992401
5.177770508946835 4.677702395644183 4.661278573605307 4.799108102353722 4.794895465549535 4.707161582934914 4.920289753474335 4.582128105537332 4.460020232265574 4.044414022081301 3.2714531233097763 2.5936313415866428 2.206400990782168 2.040739916122441 2.123811261379879 2.4903452154668106 3.1679286420367365 3.2007633604531014 2.688570964260458 2.078661824398956 1.361261823069721 0.42367971917193126 -0.21140913200235498 -0.09370248209181836 1.0032320979593383 0.6033056484161344 -2.564818932661244 -4.259756072223574 -3.7498983543284843 -2.509836336222668 -2.406635566017536 -2.360487962949412 -2.25805675825899 -1.8458648062737586 -1.3496999207136573 -0.8368680010177975 -0.2688693052449279 0.2178468276598263 0.5509885902572234 0.7711846046736379 0.5901074603388978 0.01921145484660077 -0.43043875030087947
5.020520717520644 4.301003623833274 4.06894574154769 4.2008595556774875 4.860156811618715 4.45522411239487 4.628177451873564 4.624560702608369 4.2335489767533385 4.027793493282843 3.601894410176828 2.8253779300588397 2.339344054460498 2.1316313264287383 2.1830705546259077 2.5002990709632416 3.201174315658921 3.3181543014114556 2.851125731263864 2.2128446424161585 1.4860998130012393 0.5746713173522756 -0.06666215712167178 -0.2746011396898473 0.13873822347095413 0.4452956245084652 -2.585484723422336 -4.806969026315536 -3.945528252337965 -2.593503175891485 -3.344762766887518 -4.071452525334294 -4.400995617575655 -4.3374026594790775 -3.8657941374276126 -3.488437657641042 -3.028828722004797 -2.538562086213273 -2.3169249377860583 -2.502703589120275 -2.7700438352676025 -2.7824704973665004 -2.8085501200728933
4.546356931550315 3.9903510399937083 3.6991379311466233 3.7197658779069287 4.007998378737879 4.158945017024379 4.027908794499497 4.288745407968157 4.3186802731111 3.965936030607499 3.4691430119980486 2.820491889820497 2.331011821517855 2.1681206255219183 2.2411521368619702 2.5030753888515505 2.98828265231889 3.3096302621043705 3.1220167817789672 2.3260580719301718 1.5503092950311859 0.8006085559680104 0.06080119619162727 -0.47714391095580927 -0.6236967970667058 -0.6682822635434539 -2.619950762977422 -4.571852185307185 -2.90573041899258 -2.1103967901814125 -3.36921668583278 -4.536207241554545 -5.086475504830022 -5.1735986540609735 -4.429149270294342 -3.6309465812369504 -3.1586557241738142 -3.2677171877526314 -3.621203247971795 -3.951907300384801 -3.9493178956857093 -3.605277519190799 -3.03998531527116
3.883689436017568 3.547633676685233 3.440167922466479 3.4101222784185534 3.381732636015367 3.626714242897069 3.782895529026086 3.941547360864542 4.114732855164265 3.9986931312366116 3.342280687733827 2.696769278342349 2.2778335561411285 2.088623726487456 2.168046145880373 2.4101480759889142 2.761792966913089 3.264628644267884 3.558148498807278 2.6128449168516457 1.5796494814774724 0.9066908655725207 0.25533151219929184 -0.43991085522041196 -0.6783001744262244 -0.8140972513980702 -2.2451541924501415 -3.4305461446805587 -2.014447085184632 -1.4804639074680583 -2.9939885040593532 -4.297532066365299 -4.934820209683377 -5.151602967064295 -4.653782858161053 -3.6318643351287254 -3.0287167277026916 -3.073256667177508 -3.686272522260152 -4.19558602512637 -3.7905372009436284 -2.928300558848547 -2.0021736381532924
3.42873429163015 3.252350844959878 3.207760387873819 3.202407886222774 3.1803045882625662 3.2695926775265507 3.4717393316930263 3.6821978197035072 3.8658740522704056 3.87870136938145 3.4074119337351467 2.762064698943413 2.3173811605043975 2.0116523513429545 2.035807228661829 2.340175076942605 2.7400654839364567 3.2959232372555993 3.5971973686426293 2.8920176955922074 1.7392712481379426 0.9942485265216163 0.6066344169900793 -0.06492768180797427 -0.35761139437002115 -0.20155323504142103 -1.3473245799389386 -2.4212724054887644 -1.5570238313554225 -0.8285757162427656 -2.254585630681433 -3.8048954331353775 -4.628654935837065 -4.801055673914138 -4.546369131888994 -3.933364424604015 -3.63100115850174 -3.5882928826479357 -3.74570248397385 -4.091219249606805 -3.8137919307523873 -2.9170825727089693 -2.0849314446048504
3.309841434192782 2.9500803145226517 2.930827187710736 3.0154301123384295 3.0831891147507866 3.1784702024596707 3.394634436063853 3.5822838387866316 3.7021532032016324 3.6784945658316066 3.3509328260416464 2.812720002833733 2.317984126808208 1.9263931903108014 1.9569316490276192 2.3705807723513646 2.850148154951033 3.3848563302141077 3.582910953947109 2.8695669694656725 1.9775169955938932 1.2529778858448206 1.0813786482064816 0.6449448820492432 0.13038691071957142 0.12851803817558433 -0.4858084401969166 -1.7506432821583984 -1.6795436722685326 -0.9393714988401195 -1.391067241205322 -2.972991402608291 -4.309173068704902 -4.552390527386164 -4.379391355159973 -4.256500467719809 -4.359817486155575 -4.321299515602071 -3.948293814532286 -3.747359268783486 -3.703896960411092 -3.1509119386744904 -2.2577096368758465
2.958915562465651 2.4482359633086412 2.5838214369907715 2.9056162779408403 3.081732192454368 3.196042564431717 3.4570177211115736 3.6312896534671584 3.6246721099304224 3.5108197688161265 3.254924257341991 2.8310179742561807 2.3376286745901904 1.9467328075776553 1.9998848852371482 2.4486963638362846 2.9206113370533453 3.1100693409976947 3.344065236946188 2.6784052128554814 2.1753651923315567 1.7677959459363248 1.4474178507929778 1.044001519440176 0.6014922684567112 0.5603965532795867 0.0866036466663979 -1.244033398445016 -1.977076545932805 -1.856184013188622 -1.6688809912353648 -2.444187010524872 -3.709336073535427 -4.155049242172047 -4.169343406325627 -4.35458297944898 -4.624005376790238 -4.491507397255151 -3.9397506738776022 -3.536721629115443 -3.4200298480052997 -3.1260181861738867 -2.548111269472378
1.5882827641244373 1.6194590106482276 2.217877747719525 2.916327733192598 3.180824848114576 3.2460352499666167 3.5376353047569613 3.7201897878456425 3.617945755456734 3.39495173178243 3.191858564465466 2.8675486671128243 2.3888519779624287 2.1292040809126145 2.2073770127121857 2.4397103771434727 2.7348293506378054 2.74919633879193 2.7088123760231473 2.5600757293067775 2.405668110030827 2.286291599664203 1.7452279672344493 1.2048286233268994 0.9637939945185398 1.0328763135631962 0.6281934247616284 -0.7167985215959357 -1.8076782434849332 -2.2675671936322783 -2.16798989381257 -2.4968675893686885 -3.2605110562601647 -3.7681596497011887 -3.837407073135219 -4.212183890049082 -4.401567134380144 -4.440534560580396 -4.110486867830305 -3.6008268379024537 -3.1068746999494548 -2.889782963077885 -2.6423102881652665
0.19287141643932387 1.0523532397481088 1.9597836478079993 2.6536630120132276 3.0848711183647604 3.30045223932385 3.581221237231793 3.79069307831168 3.550182487866099 3.2834396340126712 3.2050076038986965 2.9453383406484246 2.4562166216548307 2.1073426450753274 2.134762787297622 2.260803912030634 2.4014010749740438 2.392642100408617 2.252792127670912 2.443942546005939 2.6220369134014714 2.71752782693898 2.1130116781281028 1.3596116153213078 1.2116512579548282 1.265521399993208 1.0256417202015744 0.06997114578847267 -1.39566920541623 -2.297032198926515 -2.45635506447253 -2.601154103516138 -3.1032830131182862 -3.630426994320033 -3.7916116209333 -3.873577778447297 -4.1062660009074445 -4.315309304827653 -4.175926347863557 -3.6881572164403558 -2.8919404698707574 -2.464713738809029 -2.329172291479701
0.2309028382063827 1.0951286128758386 1.969320186705445 2.4778812518909183 2.7595193084500806 3.20336923340922 3.4586104953658054 3.5121979374822274 3.3273311532621372 3.1677010641663745 3.3113495573454466 3.090483705849293 2.475345464107498 2.0349762650705943 1.954983655660322 2.0719812051109727 2.1443590350228217 2.180906607941835 2.0771285532418506 2.252358884190932 2.720950091388378 3.121694263219897 2.516523165545479 1.5484030125349837 1.1603196239514042 1.3065363037686222 1.3708857742948197 0.9985216261454825 -0.4803529168265638 -2.107708738603336 -2.627360186851255 -2.6827510252318625 -2.927279977761029 -3.4610845763728793 -3.7184966525901126 -3.690524384978359 -3.8059995464937946 -4.0767607283365015 -4.0114714889325 -3.61475844138319 -2.8777982934860136 -2.1675083288583283 -1.8167616000563036
-0.26356923591878256 0.21082165996588212 0.9688511409403356 1.6736650596079534 2.1225010997724283 2.566412842420594 3.0040041213276303 3.1020504231776465 2.995415025152457 3.073958735124171 3.5495664914447285 3.2515364076313014 2.4541757557795973 1.9444213419530705 1.8449441161191082 2.0477369223335207 2.1703766212135185 2.1117924508409645 2.0422755303934244 2.2944580339530156 2.7980860437799544 3.3493745907123773 2.779710644545565 1.447113257660962 0.6469455119933124 0.7944614876738363 1.262559403652988 1.4576367625405724 0.5877564221584939 -1.465424832329771 -2.5398640745946195 -2.7709775041721105 -2.967540276231822 -3.2352926986611754 -3.48338969713055 -3.5136131268546764 -3.5487220917492617 -3.731888702738706 -3.728115663065906 -3.4603177440354176 -3.045595605974397 -2.4676789693219696 -1.7874935100070815
0.08180635296648361 -0.40555500267622724 -0.4518249661651762 -0.18541625856625843 0.5116677402143148 1.3751813649870357 2.176088668442315 2.62806103809352 2.806670518550973 3.055676126245405 3.5711931819369713 3.2974247932150442 2.3576782670098844 1.7592126400674484 1.7084159313529903 2.002731751087917 2.1694692399465954 2.0595608493726005 2.0655685401932633 2.414261808589387 2.9622080633103667 3.1837920990625506 2.577516625520449 0.9042891349576464 -0.15934392490788973 -0.22663826750765442 0.41825304196222984 0.9530503305129263 0.8893987507850856 -0.2777091715042672 -1.9991105680506358 -2.703269479802383 -2.9804816313409015 -3.200926388464979 -3.292313306560625 -3.3128754286841042 -3.318324815762549 -3.4150913002690184 -3.4470799883422263 -3.316881993531612 -3.1761273244338923 -2.8393411925244663 -2.1179380986163734
0.8309011195194881 0.5487082788208311 0.21241852202760508 0.4649903653024419 0.9161130466120038 1.2737502068782183 1.627950807632317 2.103120557604421 2.622160547890772 3.0508853213932667 3.495042770325883 3.22430076737576 2.2431225737716365 1.5002889480358603 1.516062373927118 1.8374383180254688 2.0583738890752628 1.991377925250088 2.074365976928813 2.3540794744013427 2.7613183313756138 2.832720587876005 2.043375821325763 0.4159098067709268 -0.9322452006617954 -1.1717068475317223 -0.7368539316934813 -0.20880922683147163 0.28832630455418434 0.39537299206656173 -0.7239199363196148 -2.201015978250114 -2.956983828315234 -3.199443345811223 -3.2431069319312735 -3.2145838392977395 -3.2035207394353096 -3.2227857041722623 -3.258521832181013 -3.1580282162081517 -3.1566536903400477 -3.074113441686413 -2.567343311846463
1.4160723591648137 1.3489573511308717 0.6729954345767474 1.3500498360146203 2.863392640063887 2.9916098862768337 2.042499647690373 1.8044120442580807 2.5876863654376216 3.116109769790045 3.312281756485289 3.1576211449633673 2.3117102846965873 1.3638774745843576 1.2811252170562282 1.700839573179998 1.9141438313178956 1.9543039788485566 1.997641772209847 2.0875979577673807 2.293423347103864 2.312670949902649 1.523326429328116 0.047877084127775166 -1.330128691975413 -1.8135503909307642 -1.6274929464266885 -1.0299948513400379 -0.5309007940851295 -0.10726809179671569 0.08435454927854313 -1.1337590248264955 -2.5415758482120534 -3.0692495151333397 -3.1443712954674248 -3.1482819047486257 -3.2194396813782515 -3.283067617937128 -3.2379362617682883 -3.0861801493799526 -3.0165577569350277 -3.1113649953782407 -2.9070323804048317
2.1230517074951436 2.4035601321878457 1.7890955079921227 2.046557859759246 3.53532606903702 3.8097344718956667 2.3745999148249584 1.8250725182756278 2.6558476578790517 3.1947587887743962 3.035147041600875 2.859697413926763 2.4593545266945944 1.543391508530951 1.2656459241169427 1.63414095825603 1.8945046839983817 1.885526572608785 1.8306526278774937 1.7600695555385895 1.7537876286945737 1.71095693734991 1.006385791422256 -0.390652971772018 -1.6964876882875912 -2.340704253713945 -2.0844339003846355 -1.7828120419659728 -1.6314345619417066 -1.4801749333573406 -1.0177879069603746 -0.47738172858082084 -1.3744694799783503 -2.7329093120265897 -3.103148380250987 -3.1492242504230954 -3.287410187196657 -3.4001932270838253 -3.3226675018026457 -3.1041291727164504 -2.9695897416229413 -3.0444927093734555 -2.9975021780528928
2.731743356222414 3.3649550152683676 3.2801225731766626 3.341010155580477 3.3490013565832717 2.830810935003744 1.8882619787149393 1.4979952451011798 2.3531082546374122 2.8352106681812703 2.5891727440402112 2.3710462370100274 2.235663718278756 1.7567409169278805 1.514330692389517 1.7158817300461708 1.8407626136282829 1.8322426019171973 1.696234916849073 1.4937275895276123 1.2423423300213752 1.0229683543523007 0.25390637200432997 -1.2748818334515295 -2.280912610955811 -2.8264827768824925 -2.8542450017401113 -2.8403742672282375 -2.924219267128017 -3.1726698491905925 -2.950592286941883 -1.9935060640369704 -1.4539745889730553 -2.1694075325795628 -2.786496322608463 -3.1316899885352645 -3.4088188629240346 -3.4876197703784695 -3.3477932497344267 -3.13420762987746 -3.068784117397218 -3.122524296182184 -3.096085130357624
3.322408925926945 3.3087678226957467 3.1602190052961863 2.494874097237635 1.6009855941348616 0.9891587200017056 1.0029454662257324 1.1045781008019573 1.4452114044549085 1.8050836499980345 1.8087940047775297 1.8354916712019742 1.7850415017189862 1.729403333699631 1.7835925376446902 1.9179520941607262 1.8732105691446592 1.8876544080243896 1.7634645367672244 1.2918541306874636 0.7230909181677343 0.14181016697874174 -0.9312509861906858 -2.479994396871936 -3.293932537076424 -3.8346099082031615 -3.9237011687932664 -4.105149305632046 -3.7835460735946516 -3.9305295798460422 -4.1355113028753765 -3.8115850679866936 -2.9166133414242688 -2.3934564043352147 -2.444933392129842 -2.82244758246297 -3.279099756950114 -3.4613100899475864 -3.3339382448685706 -3.2232675600062177 -3.2308870441494393 -3.257012251017467 -3.241388923781346
