opendap2json/asciGrid/asci_grid.grid
DSAA
300 305
13.1189575195 16.3162536621
39.1511268616 41.6311340332
-17.968344 7.0225124
[rows 133 to 151 of 305, columns 86 to 128 of 300]
-8.119554567048532 -8.14104419972267 -8.201526572164124 -8.294592763432243 -8.352004382046289 -8.290358610868928 -8.104927386627692 -7.902802360692691 -7.838473680812152 -8.038646163009313 -8.57994204231629 -9.416869679695699 -10.30464542065708 -10.935528679504623 -11.200123824635408 -11.178151922771852 -11.052587428652993 -10.965604176275125 -10.996903658461376 -11.158810049589169 -11.376962101079933 -11.537671079981598 -11.602821686524827 -11.641898729999598 -11.728226406913961 -11.864641535176114 -12.014406017699358 -12.13294228951511 -12.199018219988083 -12.24815733647929 -12.31111061834635 -12.378361595159031 -12.421141906213897 -12.402065272301744 -12.3051085711933 -12.163745938958627 -12.025123319312849 -11.89351915167915 -11.750035512406749 -11.59877558408275 -11.442486706595497 -11.265118819718777 -11.07251917482551
-8.181754683630457 -8.193353019594458 -8.247986023234102 -8.349539870467718 -8.462831931911904 -8.515741595018634 -8.441380831582107 -8.24849168032775 -8.032405611830756 -7.922726956196212 -8.03258022468812 -8.465856715182783 -9.241253295673166 -10.132045326122226 -10.79856571508144 -11.096822160240025 -11.122435458809294 -11.041396553669719 -10.997010213252794 -11.076459808541314 -11.260748659251067 -11.436184402884967 -11.529840999358722 -11.584777497616363 -11.672156114622311 -11.806632435832977 -11.969766673742878 -12.121175052558145 -12.222014349085182 -12.279056667361695 -12.328713741057816 -12.389517335173725 -12.451068189072718 -12.478348575601894 -12.437007903307855 -12.328042487545318 -12.180442377880357 -12.021114206392317 -11.863527865239424 -11.719722509330593 -11.575270304679838 -11.401123124965748 -11.200860694622811
-8.272943786419335 -8.27936940591893 -8.318837252405391 -8.39295998068558 -8.490248153598646 -8.573728309356508 -8.590143465942168 -8.510660196140126 -8.345647854709156 -8.165620785104558 -8.06630784862414 -8.11319493273345 -8.405292254479082 -9.036124428003017 -9.842473058874463 -10.52848479887582 -10.92057839990614 -11.056854428693779 -11.06674043956182 -11.08820691830828 -11.188137332653092 -11.326511197539585 -11.428367364133393 -11.498137896464316 -11.594045202144668 -11.730654507253474 -11.901744638974387 -12.081183329573333 -12.21987496689771 -12.300197197981129 -12.344031760378947 -12.387643328259282 -12.447325734880797 -12.504683988770008 -12.517795227941402 -12.455044155069652 -12.318893374627393 -12.145859566064956 -11.97865556255123 -11.83795196560906 -11.70059887354062 -11.530220304275748 -11.32946090028944
-8.385557596628129 -8.384044011043345 -8.423759864671204 -8.491640976597203 -8.561626419096628 -8.617551753595729 -8.640648164250885 -8.611260132469516 -8.526621193949303 -8.410147080775683 -8.310687391037927 -8.251891455287168 -8.239023911650452 -8.384360576166408 -8.799850220362426 -9.45146116589208 -10.154013113713452 -10.688239523374499 -10.992381250767721 -11.132566130194341 -11.202670688395997 -11.267266481391339 -11.334726894824714 -11.404913258476613 -11.500358510773554 -11.632400269357424 -11.804511801213627 -12.00251594301963 -12.179328884634005 -12.295101589079758 -12.349960887199105 -12.37885595560862 -12.419914157967378 -12.483137612458702 -12.536572043683016 -12.528638465469065 -12.429056182069893 -12.264123721449979 -12.097592084986553 -11.959240771849284 -11.823665692127266 -11.65357208772898 -11.454551140159026
-8.508824906103058 -8.481115880620786 -8.520379238294302 -8.606948071074077 -8.688421873419166 -8.726477038864338 -8.719943610447142 -8.677241280877558 -8.609981189286195 -8.531754816112013 -8.475097940270015 -8.46068056604051 -8.436195711216984 -8.386635150958556 -8.393433146451322 -8.565287594596354 -9.007243962903724 -9.695193281394058 -10.406880679330113 -10.923144112893231 -11.188922632640132 -11.275912531264616 -11.30302324880033 -11.347249439972336 -11.422197315734447 -11.530967115440431 -11.683816245181152 -11.881258022177295 -12.087547180729022 -12.247867001714358 -12.332753658749267 -12.35874974476307 -12.374936072741615 -12.422297901080386 -12.495617713650741 -12.543510712934971 -12.502876102920636 -12.372215597778016 -12.218355575313375 -12.082600983110277 -11.946483868533441 -11.775966541247591 -11.574841073712573
-8.657979889164777 -8.580878996209718 -8.594020374022671 -8.687200503692006 -8.806325366894956 -8.874158646983599 -8.85908092702011 -8.787998052240033 -8.701827024234989 -8.622832587686428 -8.566848751455087 -8.566024779020834 -8.601451948929542 -8.599235244815398 -8.521976437150396 -8.403479696148779 -8.346897094890888 -8.56210001763372 -9.206205850949603 -10.078799253850264 -10.788987650126504 -11.170949429522262 -11.304338244346289 -11.354248170053049 -11.405147752888308 -11.469975306180956 -11.572038966180536 -11.736133662674881 -11.950030723498031 -12.152587665426722 -12.278424631054149 -12.316772184974447 -12.314678726578595 -12.333783080148176 -12.407095063006638 -12.504730546226169 -12.538678796642401 -12.466584623759758 -12.336232763527986 -12.20127443870535 -12.061902328971248 -11.892186370697358 -11.688510070001197
-8.86110277191365 -8.71584532694069 -8.67271323983463 -8.738974862577058 -8.875691846614135 -8.992873336445596 -9.013914021065709 -8.941228664789286 -8.835771344876544 -8.745407635287279 -8.6759673184742 -8.64508874441589 -8.668907808099634 -8.714383274203943 -8.714350633587099 -8.60390284278874 -8.378852445989258 -8.150133236273994 -8.176479115901577 -8.729064945544312 -9.67874671003544 -10.545233855933523 -11.07193176317529 -11.326270435827551 -11.447352778688607 -11.490802843246135 -11.522576489551442 -11.618375018265187 -11.802629276629624 -12.019308958239252 -12.180815303277795 -12.243388077746971 -12.23517789069187 -12.22964189565138 -12.292294062634843 -12.423987912042396 -12.534102854577805 -12.537801846329662 -12.4464695906063 -12.311808073198272 -12.163032043149903 -11.993129076355784 -11.791227089870453
-9.122423634644356 -8.91296803597955 -8.802515205634197 -8.815284882052238 -8.924907405057834 -9.059716638465794 -9.128250676421416 -9.092230881069037 -8.994866740734462 -8.895611695871013 -8.815688241992786 -8.758520243156909 -8.73615823534945 -8.753837062992293 -8.78888382241306 -8.773837081212386 -8.622713390355448 -8.324710591738013 -7.994038798132643 -7.876018409881978 -8.298063834225367 -9.234475413973865 -10.213593340326298 -10.915538303090463 -11.335372985099982 -11.522350172111079 -11.558596496367723 -11.588122820283106 -11.704165142682314 -11.88928630380842 -12.057504208488908 -12.13749582835239 -12.13409995182194 -12.115782468472053 -12.164388165538849 -12.310582037454287 -12.483172670612026 -12.575490180435098 -12.541941999741642 -12.41519107375452 -12.25205019124325 -12.075152633123611 -11.877000121669369
-9.40083361697057 -9.161273065508498 -9.00072747023805 -8.962283025956621 -9.020296797410436 -9.118652053641508 -9.193027888159424 -9.19938260378395 -9.141911067905545 -9.053973618795986 -8.962811700794264 -8.883679993074034 -8.83163529885301 -8.810319441841177 -8.81567657931324 -8.828174494977805 -8.783914458881569 -8.598245192947925 -8.26102336573335 -7.884915668718944 -7.696544093301701 -7.994049927412725 -8.817260960926426 -9.844241470271443 -10.699317339279142 -11.249379404606293 -11.515381920530876 -11.616280300626391 -11.698248568249781 -11.821820766862913 -11.952215809366535 -12.0247996501644 -12.020518967402761 -11.994975614182268 -12.034949985181632 -12.182447806200043 -12.392253824793674 -12.561612888870831 -12.601999571660311 -12.5063493373485 -12.335280640129161 -12.142959716126619 -11.943637373107796
-9.63927326488162 -9.423557514878455 -9.245283629568593 -9.17530822637615 -9.193086739971438 -9.232632103925884 -9.256985398264634 -9.267657925121881 -9.256044237823092 -9.197610439839977 -9.098242369726654 -8.99403640634611 -8.920600355626888 -8.884186212388867 -8.867252248892969 -8.858422244401275 -8.838786481778262 -8.748677170631414 -8.526824267386768 -8.202903738813761 -7.883936724815009 -7.7175475635690285 -7.873042266107476 -8.494361814329814 -9.452086082113588 -10.365561973925857 -11.022419704317969 -11.437576058983751 -11.682806728538626 -11.827184621238006 -11.916545258193246 -11.952248263119497 -11.928281071505536 -11.888759627098526 -11.914418745289373 -12.052206073834641 -12.27482293118329 -12.493872492269539 -12.60920462290729 -12.568791480839945 -12.40728992367102 -12.200882130953023 -11.99566360251187
-9.801273561608488 -9.658410714164392 -9.505293469945611 -9.4190909273368 -9.408229128946214 -9.405682712197724 -9.373561161018424 -9.350828309537608 -9.351412090998583 -9.32064860431246 -9.21745264075944 -9.080609111027702 -8.979891510085663 -8.938429668873853 -8.92661596131265 -8.915407557945931 -8.89556542132633 -8.829756065955424 -8.663929124272284 -8.420161239676357 -8.190944220753542 -8.012926351646275 -7.902739645285197 -7.954770445680848 -8.325069212840388 -9.038942373562364 -9.89242195172334 -10.679515976722717 -11.305230155196789 -11.711159652887911 -11.900955388577277 -11.945483006658375 -11.90761877280066 -11.842624537513304 -11.832469797163728 -11.936910405614908 -12.147744459093705 -12.39164064541029 -12.565146951274858 -12.585840112947778 -12.45097864618645 -12.239747869650827 -12.028037795609404
-9.886052660184806 -9.837119589900865 -9.746191008455277 -9.660097636119374 -9.615576322212528 -9.586690658429161 -9.532409678717489 -9.483385054391528 -9.472401996734801 -9.452744114202567 -9.349085805836125 -9.169680720105932 -9.014220318905053 -8.950857257284692 -8.956591209945158 -8.973399530496467 -8.9739071862884 -8.928408152745078 -8.783448548317986 -8.55396574552115 -8.359099599995996 -8.262550015402793 -8.212262635425438 -8.17491764714786 -8.169650366766707 -8.275855367735796 -8.658928121714691 -9.379728956165225 -10.265205583451575 -11.070430214978215 -11.618064001606616 -11.879457285396384 -11.942467662784047 -11.893764972333752 -11.839968864565389 -11.876795839159502 -12.035107333784428 -12.272070583600854 -12.485739517825795 -12.563859460471507 -12.464160670647884 -12.252306893213618 -12.03033868304188
-9.911257112642204 -9.939461876451631 -9.92946136011911 -9.87311267389408 -9.802703165776192 -9.74723175845431 -9.686776474827973 -9.628360965602205 -9.611880700712462 -9.614626069595735 -9.538887563471656 -9.327874530402454 -9.077687638936315 -8.940335467395187 -8.940339618117282 -8.99254127705789 -9.030838492038002 -9.02498163640611 -8.924509634519337 -8.71833148445903 -8.503655218704116 -8.392116724203854 -8.389682899086967 -8.426408634340987 -8.444773199747962 -8.403278052382415 -8.322787810339559 -8.421967116591976 -8.93808864058351 -9.803599648003612 -10.711611411565295 -11.389969934342338 -11.792999035654633 -11.94893214749783 -11.945192937693841 -11.92223996645711 -11.987578731721946 -12.165975076260432 -12.387277428423738 -12.518086161392192 -12.463509462208311 -12.255471224813805 -12.013196682695805
-9.907497455118792 -9.963969294304295 -10.018493263388482 -10.02304123627741 -9.964354557809365 -9.886836483326558 -9.812531367661055 -9.748588763974977 -9.732645922254111 -9.764796106491096 -9.75457394857084 -9.58344004968836 -9.264859400283683 -8.991107205072087 -8.910124822986747 -8.96248266730557 -9.034577635761634 -9.074465768710303 -9.040152049946645 -8.901593101479634 -8.705670135726518 -8.54985532482182 -8.500250647716632 -8.548101072961094 -8.625436578378553 -8.659560529956055 -8.5999380515666 -8.440361301258662 -8.348760782559573 -8.626863557268358 -9.35755036951718 -10.270241578473083 -11.07719752440054 -11.650339627426373 -11.949084162884901 -12.031885510260325 -12.050562427519862 -12.134928588836729 -12.30305332433049 -12.454799997284818 -12.456555190528016 -12.277317052447682 -12.017634361744364
-9.89046441278717 -9.93834614897468 -10.013913389728163 -10.079162095351615 -10.073294873659691 -10.0012036447447 -9.909808676346959 -9.83389695635095 -9.81510878194685 -9.867361895988036 -9.921762799903723 -9.844189182488325 -9.562632890373068 -9.19269417544034 -8.963223638926022 -8.938473389943999 -9.003863979995856 -9.068691450502222 -9.089476867998648 -9.031228799075059 -8.902782612919783 -8.762179240329154 -8.673060466406076 -8.667057246657258 -8.725647000083054 -8.79171715600083 -8.806771841030804 -8.72968757940672 -8.553867976844469 -8.396134591387009 -8.482631270722251 -9.011442165555591 -9.85943893742427 -10.733089112468704 -11.442529075841556 -11.899489511277412 -12.110801699611514 -12.198151823401513 -12.29198050317512 -12.407791388764378 -12.442472823432334 -12.313901269417862 -12.067161666709616
-9.847425238928057 -9.890389555026097 -9.955790630838916 -10.047207076393416 -10.100477519601496 -10.06723474469 -9.977178748530319 -9.890949141717725 -9.862326308410973 -9.917558600491043 -10.011306121279107 -10.0221624926433 -9.839946869026802 -9.491172607395727 -9.162368844108366 -9.016600161607235 -9.018100133400928 -9.063714972532358 -9.097367563185905 -9.086981507751526 -9.025530267056688 -8.941948422107883 -8.876711588292425 -8.856929242794545 -8.879430400016192 -8.904823088436867 -8.892283460344292 -8.841549452577647 -8.760485851154518 -8.656083366058077 -8.546983186624294 -8.542073379670297 -8.852137281652865 -9.51770869085206 -10.346780408232604 -11.136868165417791 -11.761273544261165 -12.142382217691535 -12.324637334391632 -12.419206043423815 -12.44795825130759 -12.355416783122847 -12.145162053526551
-9.775526619258846 -9.830475844477983 -9.880994228881681 -9.960263785098833 -10.042490966151865 -10.061670841416918 -10.004327985823755 -9.92306773245887 -9.882009707145484 -9.923659686221168 -10.028403552261867 -10.097105204065453 -10.01608559538774 -9.754904102116308 -9.426908477466094 -9.210241434236373 -9.145343653514988 -9.146533963601387 -9.144939043700766 -9.125244328929375 -9.087023448125358 -9.042689433514465 -9.017476238333543 -9.030688684092793 -9.071070135154295 -9.083514944032581 -9.018381159954586 -8.901281735413798 -8.806317088389953 -8.770443908097395 -8.776924933245361 -8.778889744550488 -8.769086770943478 -8.875367987528234 -9.251263771784378 -9.901466086251908 -10.709575764014714 -11.49846401343275 -12.065310865890902 -12.361328727460435 -12.467709524178737 -12.417719724842836 -12.239899541695532
-9.674402917958586 -9.761078475804714 -9.810678555985865 -9.86112948750352 -9.9334493579257 -9.990767639033988 -9.98544016386084 -9.929132892089163 -9.878160216814589 -9.89180275209667 -9.983285833051095 -10.082528824164608 -10.078607186404843 -9.914794045702658 -9.647706805614563 -9.426149311682856 -9.335410011890666 -9.324363591213414 -9.30314921637502 -9.242711362542055 -9.171411611685345 -9.115865886394056 -9.092617267786945 -9.118308406272625 -9.18732658042737 -9.235515199363645 -9.185751639318202 -9.043897159298199 -8.89119196339112 -8.810242501693615 -8.832478640845396 -8.934712118836183 -9.042405414910656 -9.056838470779246 -8.99516891273795 -9.057812585524394 -9.444474023689372 -10.197704795066883 -11.08194760342979 -11.791960922190917 -12.233467935822166 -12.401972157021168 -12.334551710863703
-9.523940971393378 -9.65901262243831 -9.735669821154932 -9.776708384372917 -9.82194823695147 -9.883910828459593 -9.924996918527416 -9.909685872257269 -9.857527448840818 -9.833098444090492 -9.887371356027451 -9.992079511805095 -10.044124155928019 -9.966151676978487 -9.777868786603573 -9.58966410135254 -9.498101711264006 -9.495971559725286 -9.5045395608963 -9.458730138198732 -9.364305817113632 -9.26698023878633 -9.199340039754738 -9.177738054778377 -9.21436823592519 -9.275795305383026 -9.281370670768686 -9.201899436531246 -9.071252541563489 -8.950908011322404 -8.904211961547512 -8.965262247630786 -9.115925194968277 -9.268938745696364 -9.290489098742153 -9.129484054511229 -8.948565702064045 -9.059694660277483 -9.648976579771402 -10.484864745556427 -11.269615549502575 -11.858035843709404 -12.165803585501104
