opendap2json/asciGrid/asci_grid.grid
DSAA
229 208
-16.9080505371 34.8260498047
27.6444282532 62.4798774719
-12.712597 20.10936
[rows 114 to 132 of 208, columns 129 to 171 of 229]
2.31440486971682 2.3794265573367266 2.060099103393576 1.4397115472493796 0.9761043595516161 0.4815250670694198 0.7620158553139921 0.961726306661871 0.3767994661756408 -0.3928521841023973 -0.30601957882829406 0.9996448718540131 1.3916227903960756 1.0669664062081536 0.533921219607747 0.5061684586461234 -0.054739251034997785 -0.341428276520629 -0.02724744865067274 -0.2275539695005863 -0.25627543610140985 -0.16360350096642887 0.28797203035916147 -0.1440916098702847 0.09701733238549833 0.3053186730628927 0.6174335595071415 1.227634593316107 1.6363874375284033 1.7556053656065354 1.5458590438887134 1.045973735453815 0.975265509001943 0.9503690613439707 0.7077479264463982 0.40776219199879976 0.0871537070715837 -0.11716277449053324 -0.12497986529276728 -0.06397249423707116 -0.049245034178205846 -0.08025673155641033 -0.1687794832474253
1.4091223025178272 0.8236417661203818 1.1313331127044632 1.3138564929999257 1.0201762738954032 1.12805348939969 1.7741329621429651 1.2953525009655102 0.7024348452598761 0.008443766298369177 0.9233707249692784 1.607197693614619 1.4173040176852405 0.7563127028232697 0.7715629299173669 1.2764287178512634 1.0445309298308616 0.37496680050965225 0.059279870398619525 -0.16674216177928994 -0.25301042495731657 -0.2721811421792179 -0.12059223317932224 -0.1767851381591846 0.6452112642619348 0.7115134931399462 1.0222455544243856 1.3823502474310585 1.568617766141668 1.7302742061925034 1.606049248816272 0.8886388553451463 0.7919813820091132 0.987680622373327 0.9335395137513384 0.5843452089090873 0.37987640479932505 0.2575886707808484 0.2928208945362244 0.29169473095562426 0.23443512839496072 0.11121744918162658 -0.08064239503009896
1.0649708158594242 0.9880539018846306 1.5036161893093505 1.309782013830465 1.2082038748230262 1.9018167478734698 1.3955910566572993 0.9048861872289786 0.9622732474705287 1.1773758237493746 1.5093781771463504 1.2770317887739784 0.9752629361842465 0.9123169993185849 1.4493077350514831 2.324212743956969 1.886716127426182 0.33956850115506015 -0.05827358268370575 0.21728951662126958 0.6703123131941731 0.5214272910856965 -0.412169602291171 -0.7415669495796513 0.5802014666406154 1.2491928527495988 1.7491162070092754 1.6921578137979998 1.663894333107784 1.761097085538728 1.236485891878246 0.6211328662036147 0.7210081777259015 1.0827388916758973 1.090458295687875 0.9689729573667288 0.7006341589165286 0.5845470518978495 0.5446265806967369 0.4353373110062647 0.3627111943417841 0.1294076010662457 -0.18954202817934448
1.0716250883960072 1.1331065241796432 1.0177207134514001 0.6888628274857356 1.3020464794809539 1.3939193834834462 1.298026740522607 1.7964872541706922 1.4952605237749381 1.778483757717166 1.4702323359913156 0.935442848459233 0.9192704263191499 1.1212240508550175 1.5886422255725856 2.544849963456545 1.9455418463584122 0.5695359512669029 0.5799420642888763 1.2836716127509151 1.2581022489237221 0.8307786756670124 -0.2946515488146381 -0.5628951515162104 0.49888434418839045 1.6748753137009764 2.1741505891501665 1.738286550058789 1.672152961449691 1.243536786434325 0.6696049381828936 0.5208427790406068 1.1445847954085613 1.5826723666202962 1.7180168969563354 1.3531745232642507 0.6987833506744342 0.47416641675294025 0.2591056590538049 0.1322573320479247 0.13481607597577244 -0.13899657514581204 -0.21105949218638048
1.100132531644352 0.8459874864350903 0.28272996471407674 0.519253879510627 0.3835026115674336 0.28828287869844915 0.93651771332778 0.9478692167306668 1.9015397269469319 2.050840023790158 1.4679175485185203 1.1917853899904582 1.2459302792311853 1.3080352023000101 1.1560579061814202 2.162437001988895 2.150292499824532 1.4530894340744072 1.79915896263288 1.9466656388013397 1.1793411935622249 0.5815332595135387 -0.3873740245428291 -0.5535054284331904 0.28773567860458255 1.1815630731706932 1.1835471049848134 1.3156706841925694 1.2204180507343925 0.478149694667316 0.23632119238713567 0.7203334085007398 1.6579707865449185 1.9269643510815575 1.7682358051504135 0.6685677435711979 0.41112917891006173 -0.15108247061126767 -0.4443457744483177 -0.3260873735773612 -0.23712637226320465 -0.35484335812524115 -0.17271647724539269
0.6993086060568983 0.5608851196059339 0.5810481431825149 0.09789795536844768 -0.7435499775625706 -0.47082140019419044 -0.3095743073945133 0.06913915952555119 1.2865672807269937 0.8675974852354866 1.0272589742110751 1.0840554909976796 1.260694775174432 1.6109242198311935 1.3233896797459799 1.6302324941058162 1.3477141701504063 1.5975689356801985 2.2543874548117366 2.059091171473382 0.7577541615727272 0.022965103356021258 -0.5808322309471722 -0.6610902855172068 -0.022990768167812568 0.3229843789503093 0.10849443160118723 0.6844299068962585 0.877252030213389 0.29751466572638224 0.029217423224617255 0.7525599213458902 1.3703161970319746 1.282946638194043 0.8999465420485953 1.067924966182943 0.4059822790121358 -0.6342655128681352 -0.7438490359744331 -0.28638596487969464 -0.3168495202784654 -0.5537555411768386 -0.07789969756522128
-0.7178967359414857 -0.17345648182254142 0.2690644445132707 -0.36071744492636804 -1.2050768328173294 -0.6042068138821272 0.07956383520409269 0.3116540185683581 -0.27954367965294696 0.03914865572252311 0.6901213671083642 0.6874877300667277 1.4110376979911072 1.722491350622622 1.2163714155230738 0.7261301105862165 0.49369756547318255 1.067537501022691 1.5928084256165425 1.1403216955325561 0.38838460286010656 -0.18679982481869883 -0.753795994861836 -0.6453261397288546 -0.0714888831894616 -0.042610056241030876 -0.3853099780660715 0.3902879896825112 0.5600289726627989 0.004923600151623369 0.1271080411158728 0.8630805719292194 -0.2978321870499839 -0.3346771500611593 0.796551855431588 1.6928793545176615 -0.20725421596749993 -0.5536512157873388 -0.17044543428499914 -0.05923735550683536 -0.4894405567758535 -0.6070131739030045 -0.07990624223732316
-1.971804930515968 -1.590163207641953 -1.2636985145150055 -1.941081423745212 -1.894677496582847 -0.6747763155505999 0.31203952852411476 0.8458489542180307 0.5777858870119487 0.6657779416654954 0.5860825636946152 0.36815074392484953 0.576052572278682 0.6899577271806215 0.26134885606342934 -0.04054534638129169 0.2578180046953679 0.7391174249427878 1.0792001824330015 0.7816789644378113 0.4702095705198579 -0.20586857189273888 -0.9657846859700697 -0.5144386659496544 -0.052725666134007275 -0.07472609232148776 -0.4063591544119456 -0.022463617404203984 -0.03177211724661458 -0.3930976401777601 0.38325771167343464 0.44575649554673585 -0.6025522089430593 -0.0790736732106086 0.9029722999592565 -0.4695823591089425 -0.6489257490348286 0.7869625705313613 0.7964927513206492 -0.05166522696349042 -0.6346173524034955 -0.5817118966442862 -0.10689614991850983
-2.4338439603666013 -2.2815497420620843 -2.1381000597666264 -2.08973277106619 -1.8392514421702497 -0.9198604565621163 -0.6001274622223565 0.17407550629341242 0.16445550511295226 -0.4647328309082918 -0.8227748397470614 -1.3135855834828947 -1.246651483571827 -0.941507016111012 -0.6468268019616611 -0.1803119323537929 0.48656634418587075 0.8454897431440673 0.9688283253034744 0.5853382792177634 0.008990162956844423 -1.2629294915170948 -0.9106129037061917 -0.36019037486047156 -0.25982236715554285 -0.5248752430059823 -0.6643253992195285 -0.683407654165071 -0.7931029417574608 -0.6714394098006673 -0.017067035820970182 0.34424467755865057 0.2565070009591816 0.8056624673602057 1.2905418824479364 0.25162697164347314 1.5783770954240088 2.4038737637605756 0.9186255677409577 -0.373725097147409 -0.6224942358281956 -0.33308873982086884 0.06646858611986242
-1.9413703837170282 -1.5932206009527237 -1.3145447899101697 -1.0991073396556896 -1.117078228730633 -1.8271921559642201 -1.9486421325890557 -1.1497360027426613 -1.1264183998434887 -1.0188811408167524 -1.735883881852812 -1.9885881605779074 -1.196916861686913 -0.827138124821337 -0.3861153430345099 -0.1386384602384559 -0.25597742861898903 0.33317704145675914 0.7520584087986523 -0.0421478837795716 -1.767385433976132 -2.2764451155262315 -0.9386720329869381 -0.7707332525505837 -0.7657006192280479 -1.0296661783061196 -1.3965332702071298 -1.8657360288365972 -1.501625796347827 -1.1497832555350764 -0.5890878097738051 0.31040882071426784 0.3693388350556662 0.8572946377655445 1.363635167426825 1.3039459800920006 1.531396507672164 1.5577041064963688 -0.013742836771028716 -0.5126093973823498 -0.26933825759897856 0.25352163954449086 0.6332467574505485
-1.562691266688638 -1.733507882016901 -1.6175863548400227 -1.3749029700124926 -0.9701895613775855 -1.9019387969569148 -2.339163894465862 -1.5598828266516058 -0.3219742009606089 0.022687010256410015 -0.7970579862507138 -0.28181554868268227 0.1693831629619365 0.35446994750390465 0.3561629564293819 -0.053045209551208915 -0.3815789627820046 0.3286904055131153 0.5088960626159382 -0.3462240315921692 -1.904523643011623 -2.303354635110327 -1.8728754875583915 -1.4123909518340056 -1.152303114093586 -1.4784362714795143 -2.4254895979888054 -2.6331698387091462 -1.964220611828332 -1.6554447871058953 -1.3056858167895071 -0.565458409558876 -0.3722112436612179 0.1550446549109608 0.22553598815468595 -0.13191601136187764 -0.41558494975020394 -0.29871721599121515 -0.31209081720710596 -0.08758224497887458 0.37689706697765085 0.8347701846825466 0.948314011576965
-1.5423493778982138 -1.9146273046986269 -2.073559219659894 -2.1585064800106197 -1.9896963188121544 -2.418999818332779 -1.92714765462865 -0.9070798803561906 0.4056400462402342 0.8108875949340115 1.0603551758073555 0.8950064068948318 0.6638441142492515 0.8544336946702162 0.5531675026183879 0.0029179417156555074 -0.16441316166843092 0.02910927738941716 -0.18551626608095442 -0.8614035280301422 -1.9902911788320021 -2.3716457457556084 -2.3529902052538203 -1.9321162150325923 -1.6977492522630728 -2.0248199685988726 -2.7123092178666535 -2.61542831122436 -2.1330698606780505 -1.9285644481653588 -1.8981592238956815 -1.4554947983647997 -0.8965728318321039 -0.2615283840956101 -0.20610429921738516 -0.10981852464600284 -0.05477133768227989 0.38820552485143406 0.7425011869520889 0.8105069106643533 1.0080325083799209 1.179201501096158 0.8275506146287283
-1.6237395945015356 -2.014044497108876 -2.6862342726298554 -2.9602400676093708 -2.974960440446851 -2.6415115559353533 -1.6802379417248527 -0.3855521831805255 0.7188431284960779 0.9771447857045876 1.029317353912962 0.20955158626325482 0.030870104232598148 0.06494638446437334 -0.2551036166842812 -0.5786627016369182 -0.6816567589611467 -0.8566473221310781 -1.3489983603988074 -1.8248924176031944 -2.1469766454687673 -2.3356596057653487 -2.3693462490845816 -2.2527389914805562 -2.066318771191745 -2.1957325382122304 -2.4392400316677127 -2.3086708791269377 -2.1376924850713963 -2.17854040771485 -2.0238175888206134 -1.6265889069055037 -1.0517124934394744 -0.2892574604521229 0.2895064345583638 0.7645209163503391 1.0452512880123175 1.131457483249017 1.2474826209565177 1.3040328331120974 1.445337347636175 1.2425772386646372 0.2908629736871248
-1.9443448494116635 -2.489240477537787 -2.9571488386658293 -3.026408824042831 -3.0198498164718344 -2.538015396967453 -1.3960002523379875 -0.02604343719709783 0.7919652321820053 0.5766252588493227 -0.17789641086140648 -0.9338564227474719 -1.062271610148047 -1.1151281849555852 -1.1602912453069352 -1.072558110306428 -1.0260893731535805 -1.2428047702182563 -1.90550474147361 -2.23051669457293 -2.13298876272915 -2.0318105592249127 -2.1468207351998054 -2.4300495188142186 -2.2078198552386357 -2.1455171938334345 -2.0460054946226456 -1.9948237918364633 -2.0264023182547586 -2.1609534432448116 -2.0325584282974924 -1.8287629826710547 -1.5454231463223194 -0.7718447800833365 0.19664939038372695 1.0326884849076603 1.2452299528210005 1.3197115118582419 1.443208237772537 1.6886536698033892 1.7690626445357052 0.9095816144686046 -0.3762874589837669
-1.9288331751073489 -2.3173766484067344 -2.4859335427800433 -2.4429302371830257 -2.2463416360240522 -1.5674852283417584 -0.4524968658716166 0.5662977595408192 0.8325904350088333 0.14509000151852444 -0.8371191096537808 -1.5121638127554824 -1.730268815362068 -1.6380144772065008 -1.3925183395748277 -1.0426776162320406 -0.9082234005596044 -1.0929741956714472 -1.7900288985612294 -2.009700658590025 -1.9117993899228147 -1.7029370764440461 -1.8937840317254584 -2.534076082170335 -2.5858596869737056 -2.40070431901029 -1.9945827344294895 -1.9053394216851138 -1.9718102662412265 -2.07483377734563 -2.033703310507923 -1.9543448390495808 -1.7564549972866192 -0.9629251121220314 0.054615222462413494 1.1589438367476912 1.6039579013055705 1.7208514518203972 1.9133068428312994 2.231126951208899 1.912123638507167 0.6850425677521026 -0.6023520294927333
-1.7574917713584624 -1.7894042610938994 -1.4576354699228393 -1.176295114583896 -0.7752573646823551 -0.28246971429190637 0.4254049077644302 0.9438571114139327 0.8948497228163218 0.11075487215764174 -0.7913657841900713 -1.3730864998075794 -1.4246930099805875 -1.224047680872552 -1.076380877472203 -1.047304793958206 -1.014837040432728 -1.0885091307287045 -1.5529542341183142 -1.6585015782158452 -1.6954787811480831 -1.5444711423985962 -1.935988639101057 -2.5452692731383415 -2.678975499297703 -2.6210715352035123 -2.3277601465099256 -2.1836935257598387 -2.086940690702134 -2.0329740976073083 -1.8518487123876097 -1.522188215962906 -1.1043763050176998 -0.24301697718312465 0.7815353527968986 1.7407473430448719 2.1839666312279866 2.2949897574856677 2.5355724956424632 2.502316473553379 1.91077387447135 0.8140808391611537 -0.3424320630744857
-1.8334866915266963 -1.2224896323418153 -0.399724741567634 0.17174425215630912 0.41727949846485657 0.5561654371334976 0.8404870203020995 1.1923490667434884 1.1885900633621087 0.6045231360298292 -0.1329086687354594 -0.627698605841752 -0.7008370453168338 -0.7253153891367949 -1.0137307500668151 -1.288540466115402 -1.4868415291191261 -1.5606748937683534 -1.3880065078612112 -1.3198146503349153 -1.7414707305439314 -1.9570832131919091 -2.2303636853827453 -2.3602532890532433 -2.2145552232765935 -1.813271984858992 -1.7387146787127576 -1.7007203296182791 -1.975313213709848 -1.9167777362690446 -1.4705556833832845 -0.5688213339217926 0.30432004108398847 1.12904344162057 1.8684669230686894 2.4451015390935593 2.720819856561463 2.860887844108881 2.835819216573765 2.375497144898423 2.0608340210306464 1.357685125691325 0.2251567694409778
-1.6617121573748392 -0.8778138637272753 -0.0034009776661375873 0.626288434923819 0.8201536517342807 0.8460508165979544 1.1269804346191303 1.5331513894745687 1.7523282510788578 1.3930350562581677 0.7381856981988195 0.17941850309194388 -0.0531904729915706 -0.17862381155424936 -0.5390184408504686 -0.898533356730661 -1.1633255544453802 -1.2449216624998476 -1.1613377645496668 -1.6300407032937678 -2.3089626235318588 -2.642249856161439 -2.6156007123836438 -1.8889387297081814 -0.936773640937158 -0.23657944333982725 -0.311872186312729 -0.603731111997253 -1.1346830491288205 -1.1337904388518532 -0.5528362587930271 0.4118963569556257 1.3654379916317967 2.0691485941995698 2.5239665942537814 2.8995735568237544 3.200842683282864 3.3168481904691847 2.974518116674923 2.6184666087564747 2.595971105390179 2.0349908798493392 0.6552168740532398
-1.29565437661922 -0.6468194710913372 0.0037961427103232106 0.5750035811032095 0.8618197790179847 1.1855796022395664 1.5235182393530975 1.9522306582498323 2.319021133393577 2.1074963462408554 1.5644400377755734 0.9550602456906876 0.8551813358945501 0.7271599435768559 0.49375671200078675 0.022028302083538582 -0.4910000216646658 -0.9180700886470369 -1.6424685966296235 -2.4068349658397277 -2.873924943454023 -2.8619395831499572 -2.3757308067322827 -1.1429656047395462 0.064440194069739 0.7229840180933711 0.8272974503519177 0.5017147111120295 -0.05724574717991858 -0.17993581228096386 0.22936192801979943 1.0927021635390741 1.9920229737447386 2.6889139201223364 2.946967027308636 3.1775050258871778 3.3215182529178424 3.183868856594581 2.7533489012063086 2.368244037038173 2.1721476454127955 1.0531202080041528 0.16098022797299305
