opendap2json/asciGrid/asci_grid.grid
DSAA
229 208
-16.9080505371 34.8260498047
27.6444282532 62.4798774719
-12.712597 20.10936
[rows 19 to 37 of 208, columns 172 to 214 of 229]
-1.3610615389343148 -1.5224245154462013 -1.3631819433242351 -0.9541605436598531 -0.45561962951752094 0.07930780111905619 0.47927696529243863 0.6739211128816781 0.806397174081001 0.9389086424809031 1.1794988032327725 1.3352234243540786 1.3682230431322304 1.437108441251461 1.6432866259825438 1.959529122717732 2.134939588619799 2.2384635790339344 2.4932856464639634 2.8471195995578413 3.5473589813979847 3.8071483558887333 3.9411757465571715 4.148552246099825 3.9381094951059032 3.6833171769557476 3.436985210024814 3.540923623719331 3.7252276088519216 3.5769940831644904 2.797452935203527 2.1483742932702903 1.7377955012752886 1.1779674279927814 1.3649315778052074 1.5253054170474016 1.6164718972224634 1.8182668805429067 2.117576720029856 2.31839248066562 2.374489690143216 2.3181301607745053 2.2510009917187443
-0.957430452987553 -1.2415785908028676 -1.138547914422466 -0.6609895759302135 -0.12163133826296696 0.4080210063582036 0.7589125833824142 0.8825590487035475 0.9238249608485236 1.1085455436463147 1.3801501651318167 1.4948256032876357 1.469031807091725 1.5212469548555085 1.888985172072061 2.257644956766824 2.515785205149254 2.9679480460149703 3.474888782807556 3.7308612931260727 4.071039298612188 4.520650086568393 4.786923571235103 4.570235440653751 3.428838001403395 3.0443419969234906 2.964785952551405 3.2875473671163364 3.852663581154482 3.6406918019271584 2.445351908351883 1.6497634830999262 1.8306964898834786 1.7153339589826153 1.731059945804978 1.5316467405448513 1.5428067660487848 1.6261332241636117 1.9551590570473663 2.2578874498492283 2.433638434369746 2.498186034556313 2.4722936018998265
-0.45752451284654616 -0.9340079637881158 -0.962164097672041 -0.5208837054820328 0.06689160067405192 0.6140993562054038 0.9449275503388676 1.0336759078612767 1.0970980923429225 1.3041267791258937 1.5046270763770007 1.5833548569588096 1.5650576369480003 2.150986533716819 2.158773413266999 2.3773311143893423 2.9975738044993445 3.772834268606573 4.11767388011477 4.247315157559897 4.540831276730921 4.483360260418758 4.1642734918148445 3.6800400361422274 3.22992179333297 3.3354775357365423 3.9036353581171386 4.995611693348448 5.3121720164286454 3.8825850083851488 2.0908017294666896 1.715307840460134 2.2586097663467766 2.6809521325193004 2.254196992722875 2.29223797283739 1.4934486846604123 1.527138560421513 1.7322610798454665 2.102079552436514 2.225562929918154 2.352174463546195 2.3541813409701593
0.11252843992072617 -0.5816729052859919 -0.8153044541211819 -0.433777087994572 0.1543562947343101 0.7205402209019725 1.083674180583458 1.1919265641417196 1.328261389660544 1.4744918584900322 1.6645849229489371 1.7597452083861236 1.8632894404719231 2.4102888618839327 2.1202561159165754 2.709144735500488 3.5385603867119286 3.7670647522488165 4.37142578970441 4.8036498605034605 5.007451000366043 4.29146012065272 4.231603427712812 4.515728715147754 4.850385971421909 4.981322343631763 5.4908680365366775 5.931129623445381 4.767135119233007 2.680142987303479 1.6979257956082467 2.0554367211864797 2.542871360975371 2.7596383848585635 2.9286042688595706 2.9643518037678773 2.517417623197197 1.8296870051508476 2.147786773455552 2.4105592467360006 1.8251049768238283 2.1349944733435837 2.7022849769724377
0.7412184861893878 -0.11937013477489847 -0.5196384343133479 -0.21122519805222445 0.32093824219039924 0.8490727799116149 1.26383674489396 1.4504415943644393 1.6186904507732724 1.7576863981290511 2.0587131890699983 2.231825129584748 2.4200441050268893 2.752742836738753 3.3290178601466445 4.033323401470806 3.391547264210152 3.752049489897232 5.213029846997476 5.743551160808581 5.925456505329024 5.814231746170522 5.866887200691021 5.756929113280178 5.437598747182709 5.164631389943837 5.549404788236756 5.1859660183704035 3.4719549857610645 2.0946423595957553 2.0070675719854103 2.4137302416651796 2.654410122192503 2.903256285950085 3.088289461018312 3.2629654469740386 3.3576381984466934 2.8850384473118655 3.5478509605315383 3.01113369046874 2.530426219408178 3.440900497398349 3.8086986450358324
1.3118847088637353 0.5229776121084753 0.11269926020415395 0.3383217399139809 0.6937118631931671 1.1196876813071552 1.5492903346452822 1.7970920887113946 1.944047848562943 2.038526011227322 2.405054748168496 2.7857740063262506 3.0792422194306095 4.1827601212489425 5.319243573255718 5.1263645475587385 5.025143695974737 5.779664487720891 6.303059582724871 6.283616167457462 6.220172253882421 5.9901584294266454 5.556090603323779 5.30212713791263 5.00938768136004 5.09319945797149 5.319536509501956 4.290455622573002 2.7959950051985056 2.2438247177045128 2.4774059673878006 2.684184316147281 2.841685646043263 3.086470506889968 3.237002227961661 3.4231173597293068 3.4859940305293553 3.6978968859785604 3.8429253328131177 3.5025591412437116 3.720809385905401 4.16985383379136 3.9680193156117785
1.68962915505613 1.3284571961353628 1.0277883781929509 1.0489051355444137 1.2330089861992548 1.6328269526236914 1.8374500031533259 2.1849103633652938 2.344695008298793 2.6175554483754717 3.208769841883679 3.7074148648247873 3.8800326213388536 5.182719412820653 5.608669160748369 5.940860834776479 6.506784040889166 6.539667356657299 6.129299576398601 5.8427781909411465 5.7389380952274465 5.599747348594011 5.583013905644996 5.427511170634831 5.009633717458807 5.155956078722803 4.74867335455845 3.3149159594240634 2.450183058463942 2.5208922441216233 2.734888759026729 2.8572796188637115 3.033555617322033 3.2404193165403323 3.414989509432473 3.5982637928795174 3.760102872848384 3.9126883900150995 3.9042081407047204 3.962295473822007 4.06281419841699 4.035989987348892 4.111882234312991
1.2701531545647422 1.1153772361884202 1.2264094298884627 1.462568009838817 1.789426047022574 2.1203285688427203 2.5229304910814276 2.7826816415161058 3.3841843255710486 4.352108017295254 4.751223576752001 4.5348838728911325 4.7355243932260205 5.49727980192692 5.944306813251378 6.382522758244295 6.40031691773005 6.148683659897632 5.943812798282868 5.918320757866074 5.9231006409224225 5.880203487536068 6.0165397949095345 5.592446241037857 4.982252897671486 4.740612502426771 3.8259179543616932 2.786754720849218 2.5717980254455477 2.70385237274734 2.8373893266163766 3.0149461374289794 3.238563046079846 3.438491039610181 3.6395764126169885 3.844990016746942 4.060887305905908 4.229395685785248 4.309500699308051 4.342034582167748 4.311456812605219 4.360199502492764 4.477012239170963
0.4159626122123771 0.8116098852684512 1.1337313154183795 1.4533884145886804 1.9290918273242212 2.238533089254195 3.887051695525569 3.6325296284404316 4.626976424774971 4.975564757263694 4.9493041842538945 4.953127413498307 5.329279894905856 5.746528979821834 6.278638385560775 6.506911457794722 6.405186298177223 6.253594339690932 6.177319715934653 6.213690605652749 6.022553330944836 5.965109455834251 6.169722155212912 5.48847752963937 4.63570071127905 4.008326088286282 3.2961891509575887 2.8878214037461514 2.8097488704216884 2.846326532531701 3.006963464631824 3.2751841566677817 3.544833466477604 3.7528759008192942 3.9490709915010727 4.169087180866948 4.411601466253707 4.572671278578894 4.633831839140549 4.64037718451447 4.6582529618423045 4.677860563758677 4.710621716314076
2.1926097216151157 1.9360516711190958 1.6954694920107445 1.9708932694792107 2.411705156862921 3.388211821692718 4.7192909515216375 4.774315827869011 4.883657988130703 4.755889611438715 4.836401135888363 5.077296220484304 5.509078939728233 6.040735572262363 6.454804008017123 6.519319774156233 6.345471712330877 6.106781633695556 6.133276392988766 6.329745956498922 6.201217189175677 6.305567385418197 6.118887776095281 5.008307270043313 4.0219867249384045 3.6798011084795235 3.4892227354747427 3.2509702794519133 3.0772481566781016 3.1251206701182404 3.3575146062196257 3.670611812450776 3.943376744570474 4.159849759610648 4.372130874996745 4.587623646215499 4.769570383744017 4.873106411254783 4.911056214257631 4.94694789541584 4.960468656155372 4.940391276151324 4.9904214360040475
3.573979965405293 3.5795429371108614 3.3992527119192633 3.444144293717318 3.933583506623631 5.051401578077999 5.248693891877108 5.176077067134087 5.033526660759732 5.030617903559363 5.016956275586057 5.152403431052584 5.655464074111644 6.289822918145996 6.475312511323861 6.193326091093136 5.710101541529223 5.4812965999113175 5.865945532848471 6.286137936803727 6.385695697494813 6.338919391821993 5.332955901759567 3.9504889377182084 3.581245490057998 3.7802483164460092 3.794432946003853 3.5636477695249775 3.4353456166144123 3.5383205146875603 3.791018047021834 4.075616357999607 4.332144977500968 4.573735996474328 4.790068028170696 4.966208132175009 5.082123051111012 5.128752531437397 5.158267682372378 5.193649645471715 5.212905483385811 5.233831109340338 5.326352291582933
3.7435328658257574 4.071065925342762 4.037336903533269 5.024277528330321 5.866170744581903 5.808541152499099 5.47817647000973 5.358199195020492 5.369562071099815 5.474857367270958 5.327215097073589 5.344536586567271 5.935176287792238 6.4325099922550955 6.10282919164264 5.252430490329901 4.6914740210078065 4.8183850129990375 5.471644310366282 5.845042532071897 5.913703177063262 5.276248356431711 3.8976998099477576 3.310584308751017 3.53213260401458 3.8492252088196977 3.9214778010473936 3.8043466458505026 3.757771707115096 3.9198006167866657 4.173238205060065 4.430286363496663 4.677576036144625 4.920418908424235 5.130991504927916 5.286850844412943 5.359747016971398 5.367321493506657 5.382227510907599 5.423548345091831 5.458375391238638 5.556833842162015 5.576636666750367
3.5926938395825 4.117522460370461 4.5557459566477245 5.697546057299606 5.8137896160350815 5.5882463743066655 5.506481042310574 5.461063240438932 5.595305885069247 5.763514434404032 5.65418157551619 5.696496515468401 6.170570577625462 6.170597418188914 5.146319429857106 4.107328610623136 3.897851007810177 4.361075872906073 4.837930827682809 4.756721215023026 4.324889071434745 3.3189625361919157 2.580414485765815 2.7865358857203013 3.1214580193047916 3.59210919811584 4.0417064415584045 4.096871277390247 4.033213087192712 4.193787178453608 4.461377382038818 4.710764348154218 4.9563699941838495 5.202494341570228 5.417528585716118 5.5480828927100605 5.595307991817521 5.590053765903997 5.595742069608258 5.6526107214198795 5.697791927064736 5.782596539450208 5.703473592192903
3.9867060427662544 4.6930890878957205 5.104338138085572 5.259740749333382 5.281965735821339 5.328595283093879 5.324261118328422 5.390736053603272 5.598016137431403 5.790114651121881 5.726649495679915 5.8550667658676625 6.018149659422386 5.283027676224546 3.9437334272619458 3.2847103202551726 3.479030348698712 3.8597656037402324 3.7178176839339923 3.0394125646224377 2.2956538673622395 1.719866121062962 1.7998506523769056 2.16238151292033 2.586651621347761 3.4704453305925 4.34494158402961 4.370371282727588 4.214900078240583 4.392482551336627 4.657368122566105 4.911966714700096 5.1642267941192825 5.408381990972673 5.608009178175852 5.71254500582263 5.741974812819217 5.737983628582424 5.761329870844688 5.841354036317084 5.929833468416548 5.952384173345566 5.914672859487677
3.7941505800962307 4.360871256870479 4.706661820839955 4.897942689953702 5.043403240867093 5.106516795638589 5.138307312654753 5.308207071311581 5.517490082655264 5.564321524860302 5.528618887756464 5.6357625736799895 5.224829366696219 3.984424224004645 3.0442396970140284 3.0180082760735596 3.2604225912637492 3.007169756519593 2.19829398123871 1.3323382444505023 0.765726028380323 0.8021673471203246 1.3854985563231326 1.862674528908307 2.4654671278331826 3.658855741093059 4.374057603603013 4.323056340290265 4.351436241388694 4.58555276244625 4.842033375257889 5.082136268068711 5.321291808678347 5.539433074411886 5.704342012348064 5.773206764164263 5.785967012747124 5.819390459358624 5.896890591433546 6.023671155236097 6.150433552086988 6.191674625332347 6.277489978470065
3.588656602988484 4.196622105916751 4.595215544970091 4.770635951613584 4.807267525301921 4.819083541183659 4.938859347369354 5.1902885948072655 5.353075939345553 5.26463952114749 5.19117303778046 5.086072193917926 4.156563059340934 3.0402476825125007 2.8442480112884927 3.1771605648901184 2.9105694344718676 1.905367867558229 1.0864346503024527 0.49350539484270106 0.1454536878684723 0.5198198269376941 1.2310588675380205 1.7870295469975725 2.662378471716639 3.7200868079301936 4.066262093438739 4.241096734945323 4.550004251647909 4.840207389040066 5.077037117840492 5.290773659817644 5.480345673430654 5.646048580455884 5.768490262789848 5.814231560433084 5.836099591755636 5.909056356955765 6.011908942517111 6.199330782412854 6.380656331716389 6.3882680360348605 6.430981015953242
3.8096703346364187 4.1718612393499725 4.440488881000341 4.556594771278226 4.4971050171386295 4.5126613982981025 4.74699652359659 5.051839885300428 5.1490619441783485 4.95197673560286 4.851714364148376 4.487884580571096 3.482774479114337 2.95166099857078 3.1984490455593315 3.2119077505477236 2.2608499205512786 1.149382326301753 0.8134136267286255 0.49769795030711184 0.3339993657543289 0.6799779573799719 1.2274046440727562 1.8183882588595217 2.6285899777047246 3.3053392173314156 3.794154296907909 4.3326808343037655 4.782328609875424 5.1204048116776395 5.385469819507065 5.568955434139531 5.704541900070902 5.813851436914712 5.8855708281052594 5.910800787007722 5.9330764481591265 6.013055003144259 6.086031487964833 6.33231062521164 6.410170816105701 6.047614806820972 5.865822358619033
3.681987068525644 3.845286117072116 4.115244981926512 4.211634813100025 4.242973546155358 4.41723577858979 4.7144030271813815 4.99348587447785 5.000174286996222 4.783130192248763 4.605288684253916 4.156893482153226 3.582213450394007 3.424521794789564 3.427090668570128 2.676913973437322 1.53137432102504 1.15093267646359 1.1466173707631073 0.9825550297181525 0.9491209105425921 1.1466860480151846 1.4553190712863004 2.033475734803546 2.6927347384652003 3.2941842943546575 3.9797431307569355 4.5892118747158825 5.071016575698397 5.4511537963512255 5.729726458904985 5.904533836040483 6.007674161388186 6.060918343941729 6.066942671158286 6.052533746750366 6.051941027313893 6.0803168039266025 6.111822113097742 6.30315318792976 5.922100253537958 5.164919309602985 4.948485631473811
3.531886181502417 3.8021597435545877 3.8599658636491867 3.991105667569332 4.247862427625873 4.619452814514019 4.95300423511459 5.069481687289962 4.974294410006118 4.766544112399287 4.526923292397303 4.168951909807098 3.8266805427802755 3.6331792788125363 3.063561314422942 1.8313101610409512 1.1689303756433385 1.3148428514011874 1.4220164048844883 1.4450502504198701 1.5173038040517288 1.698744250372911 2.048578713287795 2.578633384013763 3.1389660380229616 3.779206282340568 4.40862530809927 4.949392175066146 5.420834619854245 5.808678904740583 6.085466751221394 6.259294364645469 6.345859470970068 6.342619355479652 6.278786126992989 6.192869010850089 6.151511751660029 6.0710695814199465 6.001862863320424 5.880603819951315 5.019546340548387 4.38704002190734 4.313513246351603
